0 	909.429 	7.25941 	1.84655e-13 	0.003693 	13.5537 	1 	295 	295 	1.84143e+20 	0.75 	9.78449e-06 	16861.5
0.041502 	909.429 	7.25941 	8.33288e-14 	0.003693 	13.5537 	1 	295 	295 	1.84143e+20 	0.75 	9.78449e-06 	16861.5
0.0815173 	909.429 	7.25941 	6.17115e-14 	0.003693 	13.5537 	1 	295 	295 	1.84143e+20 	0.75 	9.78449e-06 	16861.5
0.120099 	909.429 	7.25941 	3.75671e-14 	0.003693 	13.5537 	1 	295 	295 	1.84143e+20 	0.75 	9.78449e-06 	16861.5
0.157299 	909.429 	7.25941 	1.87197e-14 	0.003693 	13.5537 	1 	295 	295 	1.84143e+20 	0.75 	9.78449e-06 	16861.5
0.193166 	909.429 	7.25941 	2.97697e-14 	0.003693 	13.5537 	1 	295 	295 	1.84143e+20 	0.75 	9.78449e-06 	16861.5
0.227748 	909.429 	7.25941 	4.7611e-14 	0.003693 	13.5537 	1 	295 	295 	1.84143e+20 	0.75 	9.78449e-06 	16861.5
0.261091 	909.429 	7.25941 	4.61021e-14 	0.003693 	13.5537 	1 	295 	295 	1.84143e+20 	0.75 	9.78449e-06 	16861.5
0.29324 	909.429 	7.25941 	3.21426e-14 	0.003693 	13.5537 	1 	295 	295 	1.84143e+20 	0.75 	9.78449e-06 	16861.5
0.324237 	909.429 	7.25941 	3.44296e-14 	0.003693 	13.5537 	1 	295 	295 	1.84143e+20 	0.75 	9.78449e-06 	16861.5
0.354123 	909.429 	7.25941 	4.70683e-14 	0.003693 	13.5537 	1 	295 	295 	1.84143e+20 	0.75 	9.78449e-06 	16861.5
0.382939 	909.429 	7.25941 	3.25632e-14 	0.003693 	13.5537 	1 	295 	295 	1.84143e+20 	0.75 	9.78449e-06 	16861.5
0.410723 	909.429 	7.25941 	3.75598e-14 	0.003693 	13.5537 	1 	295 	295 	1.84143e+20 	0.75 	9.78449e-06 	16861.5
0.437511 	909.429 	7.25941 	4.10607e-14 	0.003693 	13.5537 	1 	295 	295 	1.84143e+20 	0.75 	9.78449e-06 	16861.5
0.46334 	909.429 	7.25941 	5.50215e-14 	0.003693 	13.5537 	1 	295 	295 	1.84143e+20 	0.75 	9.78449e-06 	16861.5
0.488243 	909.429 	7.25941 	1.16316e-13 	0.003693 	13.5537 	1 	295 	295 	1.84143e+20 	0.75 	9.78449e-06 	16861.5
0.512254 	909.429 	7.25941 	1.01583e-13 	0.003693 	13.5537 	1 	295 	295 	1.84143e+20 	0.75 	9.78449e-06 	16861.5
0.535405 	909.429 	7.25941 	4.61773e-14 	0.003693 	13.5537 	1 	295 	295 	1.84143e+20 	0.75 	9.78449e-06 	16861.5
0.557727 	909.429 	7.25941 	5.01264e-14 	0.003693 	13.5537 	1 	295 	295 	1.84143e+20 	0.75 	9.78449e-06 	16861.5
0.568488 	909.429 	7.25941 	9.51523e-14 	0.003693 	13.5537 	1 	295 	295 	1.84143e+20 	0.75 	9.78449e-06 	16861.5
0.579249 	909.429 	7.25941 	1.02045e-13 	0.003693 	13.5537 	1 	295 	295 	1.84143e+20 	0.75 	9.78449e-06 	16861.5
0.589624 	909.429 	7.25941 	9.10562e-14 	0.003693 	13.5537 	1 	295 	295 	1.84143e+20 	0.75 	9.78449e-06 	16861.5
0.6 	909.429 	7.25941 	9.81291e-14 	0.003693 	13.5537 	1 	295 	295 	1.84143e+20 	0.75 	9.78449e-06 	16861.5
0.603574 	909.429 	7.25941 	8.32011e-14 	0.003693 	13.5537 	1 	295 	295 	1.84143e+20 	0.75 	9.78449e-06 	16861.5
0.607148 	909.429 	7.25941 	8.54156e-14 	0.003693 	13.5537 	1 	295 	295 	1.84143e+20 	0.75 	9.78449e-06 	16861.5
0.610725 	909.429 	7.25941 	9.24648e-14 	0.003693 	13.5537 	1 	295 	295 	1.84143e+20 	0.75 	9.78449e-06 	16861.5
0.614302 	909.429 	7.25941 	1.81625e-13 	0.003693 	13.5537 	1 	295 	295 	1.84143e+20 	0.75 	9.78449e-06 	16861.5
0.617882 	909.429 	7.25941 	7.73317e-13 	0.003693 	13.5537 	1 	295 	295 	1.84143e+20 	0.75 	9.78449e-06 	16861.5
0.621462 	909.429 	7.25941 	4.40866e-12 	0.003693 	13.5537 	1 	295 	295 	1.84143e+20 	0.75 	9.78449e-06 	16861.5
0.625045 	909.429 	7.25941 	2.45715e-11 	0.003693 	13.5537 	1 	295 	295 	1.84143e+20 	0.75 	9.78449e-06 	16861.5
0.628627 	909.429 	7.25941 	1.34673e-10 	0.003693 	13.5537 	1 	295 	295 	1.84143e+20 	0.75 	9.78449e-06 	16861.5
0.632213 	909.429 	7.25941 	7.34271e-10 	0.003693 	13.5537 	1 	295 	295 	1.84143e+20 	0.75 	9.78449e-06 	16861.5
0.635798 	909.429 	7.25941 	4.01433e-09 	0.003693 	13.5537 	1 	295 	295 	1.84143e+20 	0.75 	9.78449e-06 	16861.5
0.639386 	909.429 	7.25941 	2.18953e-08 	0.003693 	13.5537 	1 	295 	295 	1.84143e+20 	0.75 	9.78449e-06 	16861.5
0.642975 	909.429 	7.25941 	1.19816e-07 	0.003693 	13.5537 	1 	295 	295 	1.84143e+20 	0.75 	9.78449e-06 	16861.5
0.646567 	909.429 	7.25941 	6.54012e-07 	0.003693 	13.5537 	1 	295 	295 	1.84143e+20 	0.75 	9.78449e-06 	16861.5
0.650158 	909.429 	7.25941 	3.58078e-06 	0.003693 	13.5537 	1 	295 	295 	1.84143e+20 	0.75 	9.78449e-06 	16861.4
0.653752 	909.429 	7.25941 	1.95572e-05 	0.003693 	13.5537 	1 	295.001 	295 	1.84143e+20 	0.750003 	9.78449e-06 	16861
0.657346 	909.429 	7.25942 	0.000107162 	0.003693 	13.5536 	1 	295.006 	295 	1.84143e+20 	0.750015 	9.78449e-06 	16858.9
0.660944 	909.429 	7.25952 	0.000585436 	0.00369299 	13.5529 	1 	295.032 	295.001 	1.84143e+20 	0.750082 	9.78451e-06 	16847.3
0.664541 	909.429 	7.26049 	0.00320366 	0.00369298 	13.5496 	1 	295.174 	295.008 	1.84144e+20 	0.750447 	9.78455e-06 	16784
0.668141 	909.429 	7.26944 	0.0172923 	0.00369288 	13.5314 	1 	295.954 	295.072 	1.84149e+20 	0.75245 	9.78481e-06 	16444.1
0.67174 	909.429 	7.35124 	0.0889646 	0.00369234 	13.4346 	1 	300.175 	295.656 	1.84176e+20 	0.763296 	9.78626e-06 	14795.9
0.675343 	909.429 	8.04678 	0.371565 	0.00368923 	12.9711 	1 	322.24 	300.396 	1.84331e+20 	0.820125 	9.7945e-06 	9511.84
0.678946 	909.429 	12.4173 	0.972531 	0.00367411 	11.4456 	1 	421.311 	324.937 	1.85092e+20 	1.07735 	9.83491e-06 	2973.4
0.682552 	909.429 	28.0776 	1.45272 	0.00361849 	8.69864 	1 	755.356 	390.909 	1.87962e+20 	1.96807 	9.9874e-06 	180.973
0.686158 	909.429 	60.4283 	1.39791 	0.00347401 	5.8752 	1 	1547.1 	503.365 	1.95918e+20 	4.22729 	1.04101e-05 	2.54988
0.689766 	909.429 	103.745 	1.03465 	0.00319763 	3.87702 	1 	2932.7 	655.957 	2.13309e+20 	8.7736 	1.13342e-05 	0.0661684
0.693375 	909.429 	146.509 	0.661606 	0.00278463 	2.60083 	1 	4803.57 	847.535 	2.46008e+20 	16.6125 	1.30717e-05 	0.00527092
0.696986 	909.429 	181.935 	0.443286 	0.00226265 	1.75403 	1 	6850.44 	1082.59 	3.05361e+20 	29.4228 	1.62255e-05 	0.00106909
0.700598 	909.429 	210.124 	0.352918 	0.00165218 	1.14596 	1 	8685.17 	1368.42 	4.28325e+20 	52.3096 	2.27592e-05 	0.000455913
0.704213 	909.429 	234.677 	0.231535 	0.00109678 	0.723722 	1 	9851.59 	1707.55 	6.48277e+20 	88.8394 	3.44463e-05 	0.0002456
0.707827 	909.429 	258.216 	0.105803 	0.00077426 	0.495535 	1 	10270 	2083.32 	8.91338e+20 	126.481 	4.73615e-05 	0.00016379
0.711444 	909.429 	280.326 	0.0547142 	0.00065022 	0.407814 	1 	10315 	2463.53 	1.04816e+21 	149.26 	5.56941e-05 	0.000136799
0.715061 	909.429 	299.51 	0.041722 	0.000608245 	0.377273 	1 	10253.9 	2824.52 	1.11844e+21 	158.326 	5.94286e-05 	0.000128774
0.718681 	909.429 	315.194 	0.0335004 	0.000590496 	0.365259 	1 	10162.7 	3159.71 	1.15177e+21 	161.598 	6.11995e-05 	0.00012622
0.722302 	909.429 	327.634 	0.0277915 	0.000579882 	0.358764 	1 	10064.8 	3470.58 	1.17279e+21 	162.963 	6.23164e-05 	0.000125269
0.725925 	909.429 	337.381 	0.0236 	0.000571685 	0.353988 	1 	9967.86 	3760.32 	1.18959e+21 	163.707 	6.32092e-05 	0.000124837
0.729548 	909.429 	344.999 	0.0203855 	0.00056439 	0.349701 	1 	9874.25 	4031.82 	1.20496e+21 	164.265 	6.40258e-05 	0.000124575
0.733174 	909.429 	350.981 	0.0178341 	0.000557553 	0.345584 	1 	9784.39 	4287.36 	1.21973e+21 	164.766 	6.48107e-05 	0.00012438
0.7368 	909.429 	355.731 	0.0157539 	0.000551056 	0.34158 	1 	9698.23 	4528.55 	1.23411e+21 	165.241 	6.55746e-05 	0.000124225
0.740429 	909.429 	359.566 	0.0140209 	0.000544869 	0.337683 	1 	9615.73 	4756.64 	1.24812e+21 	165.696 	6.63192e-05 	0.000124103
0.744058 	909.429 	362.731 	0.0125523 	0.000538979 	0.333893 	1 	9536.83 	4972.52 	1.26175e+21 	166.132 	6.70437e-05 	0.000124009
0.74769 	909.429 	365.41 	0.0112902 	0.000533379 	0.33021 	1 	9461.5 	5176.92 	1.275e+21 	166.55 	6.77475e-05 	0.000123942
0.751321 	909.429 	367.743 	0.0101935 	0.000528059 	0.32663 	1 	9389.66 	5370.41 	1.28784e+21 	166.95 	6.84298e-05 	0.000123897
0.754956 	909.429 	369.829 	0.00923183 	0.00052301 	0.323148 	1 	9321.24 	5553.54 	1.30027e+21 	167.333 	6.90902e-05 	0.000123873
0.758591 	909.429 	371.739 	0.00838234 	0.000518223 	0.319762 	1 	9256.18 	5726.73 	1.31228e+21 	167.701 	6.97284e-05 	0.000123867
0.762228 	909.429 	373.523 	0.00762747 	0.000513687 	0.316468 	1 	9194.39 	5890.4 	1.32386e+21 	168.052 	7.0344e-05 	0.000123876
0.765866 	909.429 	375.214 	0.00695334 	0.000509392 	0.313262 	1 	9135.78 	6044.95 	1.33502e+21 	168.389 	7.09369e-05 	0.000123898
0.769507 	909.429 	376.832 	0.00634884 	0.000505329 	0.31014 	1 	9080.26 	6190.77 	1.34576e+21 	168.711 	7.15072e-05 	0.00012393
0.773147 	909.429 	378.392 	0.00580499 	0.000501488 	0.3071 	1 	9027.73 	6328.2 	1.35606e+21 	169.02 	7.20548e-05 	0.000123971
0.77679 	909.429 	379.901 	0.00531419 	0.000497859 	0.304138 	1 	8978.08 	6457.64 	1.36594e+21 	169.315 	7.258e-05 	0.000124018
0.780434 	909.429 	381.361 	0.00487015 	0.000494432 	0.301249 	1 	8931.21 	6579.45 	1.37541e+21 	169.599 	7.3083e-05 	0.00012407
0.78408 	909.429 	382.775 	0.00446751 	0.000491197 	0.298431 	1 	8887.02 	6693.97 	1.38446e+21 	169.871 	7.35641e-05 	0.000124126
0.787727 	909.429 	384.143 	0.00410171 	0.000488147 	0.29568 	1 	8845.39 	6801.56 	1.39311e+21 	170.132 	7.40237e-05 	0.000124184
0.791376 	909.429 	385.462 	0.00376878 	0.000485272 	0.292993 	1 	8806.22 	6902.57 	1.40137e+21 	170.382 	7.44623e-05 	0.000124243
0.795026 	909.429 	386.733 	0.00346532 	0.000482562 	0.290366 	1 	8769.4 	6997.32 	1.40924e+21 	170.622 	7.48803e-05 	0.000124302
0.798678 	909.429 	387.954 	0.00318828 	0.00048001 	0.287796 	1 	8734.83 	7086.13 	1.41673e+21 	170.853 	7.52784e-05 	0.00012436
0.80233 	909.429 	389.124 	0.00293507 	0.000477607 	0.285281 	1 	8702.4 	7169.32 	1.42386e+21 	171.075 	7.56571e-05 	0.000124416
0.805986 	909.429 	390.242 	0.00270332 	0.000475345 	0.282817 	1 	8672 	7247.21 	1.43063e+21 	171.289 	7.6017e-05 	0.000124469
0.809641 	909.429 	391.309 	0.00249101 	0.000473217 	0.280402 	1 	8643.55 	7320.08 	1.43706e+21 	171.495 	7.63588e-05 	0.00012452
0.813299 	909.429 	392.324 	0.00229629 	0.000471216 	0.278033 	1 	8616.94 	7388.21 	1.44317e+21 	171.693 	7.66831e-05 	0.000124567
0.816957 	909.429 	393.288 	0.00211756 	0.000469333 	0.275707 	1 	8592.07 	7451.88 	1.44895e+21 	171.884 	7.69906e-05 	0.00012461
0.820618 	909.429 	394.202 	0.00195333 	0.000467563 	0.273422 	1 	8568.85 	7511.34 	1.45444e+21 	172.068 	7.7282e-05 	0.000124649
0.824279 	909.429 	395.067 	0.00180234 	0.000465899 	0.271176 	1 	8547.19 	7566.84 	1.45963e+21 	172.246 	7.7558e-05 	0.000124683
0.827943 	909.429 	395.883 	0.00166339 	0.000464335 	0.268966 	1 	8527.01 	7618.63 	1.46455e+21 	172.418 	7.78193e-05 	0.000124713
0.831607 	909.429 	396.653 	0.00153546 	0.000462864 	0.266791 	1 	8508.23 	7666.92 	1.4692e+21 	172.585 	7.80666e-05 	0.000124739
0.835274 	909.429 	397.378 	0.00141759 	0.000461482 	0.264647 	1 	8490.75 	7711.93 	1.4736e+21 	172.746 	7.83004e-05 	0.00012476
0.83894 	909.429 	398.059 	0.00130896 	0.000460182 	0.262535 	1 	8474.52 	7753.85 	1.47776e+21 	172.903 	7.85215e-05 	0.000124777
0.84261 	909.429 	398.699 	0.00120876 	0.00045896 	0.260451 	1 	8459.44 	7792.89 	1.4817e+21 	173.055 	7.87305e-05 	0.000124789
0.84628 	909.429 	399.299 	0.00111631 	0.000457811 	0.258394 	1 	8445.46 	7829.23 	1.48542e+21 	173.203 	7.89281e-05 	0.000124796
0.849953 	909.429 	399.861 	0.00103099 	0.000456731 	0.256363 	1 	8432.5 	7863.04 	1.48893e+21 	173.346 	7.91148e-05 	0.0001248
0.853626 	909.429 	400.387 	0.000952221 	0.000455715 	0.254355 	1 	8420.51 	7894.48 	1.49225e+21 	173.486 	7.92912e-05 	0.000124799
0.857301 	909.429 	400.879 	0.000879478 	0.000454758 	0.25237 	1 	8409.42 	7923.7 	1.49539e+21 	173.622 	7.9458e-05 	0.000124794
0.860977 	909.429 	401.338 	0.000812286 	0.000453858 	0.250407 	1 	8399.17 	7950.85 	1.49836e+21 	173.754 	7.96156e-05 	0.000124785
0.864656 	909.429 	401.767 	0.000750207 	0.00045301 	0.248464 	1 	8389.71 	7976.07 	1.50116e+21 	173.883 	7.97646e-05 	0.000124772
0.868334 	909.429 	402.167 	0.000692852 	0.000452212 	0.24654 	1 	8380.99 	7999.49 	1.50381e+21 	174.009 	7.99054e-05 	0.000124756
0.872016 	909.429 	402.539 	0.000639848 	0.000451459 	0.244634 	1 	8372.96 	8021.22 	1.50632e+21 	174.132 	8.00386e-05 	0.000124737
0.875698 	909.429 	402.886 	0.000590869 	0.000450749 	0.242745 	1 	8365.57 	8041.38 	1.50869e+21 	174.252 	8.01647e-05 	0.000124714
0.879382 	909.429 	403.209 	0.000545607 	0.000450079 	0.240872 	1 	8358.78 	8060.07 	1.51094e+21 	174.37 	8.0284e-05 	0.000124689
0.883067 	909.429 	403.509 	0.000503782 	0.000449446 	0.239015 	1 	8352.55 	8077.41 	1.51306e+21 	174.486 	8.0397e-05 	0.00012466
0.886755 	909.429 	403.788 	0.000473087 	0.000448849 	0.237171 	1 	8346.83 	8093.48 	1.51508e+21 	174.598 	8.05041e-05 	0.000124629
0.890442 	909.429 	404.047 	0.000459675 	0.000448283 	0.235343 	1 	8341.6 	8108.37 	1.51699e+21 	174.709 	8.06057e-05 	0.000124596
0.894132 	909.429 	404.288 	0.000454229 	0.000447748 	0.233527 	1 	8336.82 	8122.16 	1.5188e+21 	174.818 	8.0702e-05 	0.000124561
0.897823 	909.429 	404.511 	0.000449097 	0.000447241 	0.231724 	1 	8332.45 	8134.93 	1.52052e+21 	174.924 	8.07935e-05 	0.000124523
0.901517 	909.429 	404.718 	0.000444255 	0.00044676 	0.229932 	1 	8328.47 	8146.75 	1.52216e+21 	175.029 	8.08804e-05 	0.000124484
0.90521 	909.429 	404.91 	0.000439685 	0.000446304 	0.228153 	1 	8324.85 	8157.7 	1.52372e+21 	175.132 	8.09631e-05 	0.000124443
0.908906 	909.429 	405.089 	0.000435365 	0.00044587 	0.226384 	1 	8321.56 	8167.84 	1.5252e+21 	175.233 	8.10419e-05 	0.0001244
0.912602 	909.429 	405.254 	0.000431277 	0.000445457 	0.224626 	1 	8318.58 	8177.22 	1.52661e+21 	175.332 	8.11169e-05 	0.000124356
0.916301 	909.429 	405.407 	0.000427404 	0.000445065 	0.222878 	1 	8315.88 	8185.9 	1.52796e+21 	175.429 	8.11884e-05 	0.000124311
0.920001 	909.429 	405.549 	0.000423731 	0.000444691 	0.221139 	1 	8313.44 	8193.93 	1.52924e+21 	175.526 	8.12568e-05 	0.000124265
0.923704 	909.429 	405.68 	0.000420241 	0.000444334 	0.219409 	1 	8311.25 	8201.36 	1.53047e+21 	175.621 	8.13221e-05 	0.000124217
0.927406 	909.429 	405.802 	0.000416923 	0.000443993 	0.21769 	1 	8309.28 	8208.24 	1.53164e+21 	175.714 	8.13845e-05 	0.000124169
0.931111 	909.429 	405.915 	0.000413763 	0.000443667 	0.215977 	1 	8307.52 	8214.61 	1.53277e+21 	175.806 	8.14443e-05 	0.000124119
0.934816 	909.429 	406.019 	0.000410751 	0.000443354 	0.214274 	1 	8305.95 	8220.5 	1.53385e+21 	175.896 	8.15017e-05 	0.000124069
0.938524 	909.429 	406.116 	0.000407875 	0.000443055 	0.212579 	1 	8304.55 	8225.96 	1.53489e+21 	175.985 	8.15568e-05 	0.000124019
0.942233 	909.429 	406.206 	0.000405126 	0.000442768 	0.210891 	1 	8303.32 	8231.02 	1.53588e+21 	176.074 	8.16097e-05 	0.000123968
0.945944 	909.429 	406.289 	0.000402493 	0.000442492 	0.20921 	1 	8302.24 	8235.7 	1.53684e+21 	176.161 	8.16606e-05 	0.000123916
0.949655 	909.429 	406.366 	0.00039997 	0.000442226 	0.207538 	1 	8301.3 	8240.05 	1.53776e+21 	176.246 	8.17096e-05 	0.000123864
0.953369 	909.429 	406.438 	0.000397548 	0.000441971 	0.205872 	1 	8300.48 	8244.07 	1.53865e+21 	176.331 	8.17569e-05 	0.000123812
0.957084 	909.429 	406.505 	0.00039522 	0.000441724 	0.204213 	1 	8299.79 	8247.81 	1.53951e+21 	176.414 	8.18025e-05 	0.00012376
0.960801 	909.429 	406.566 	0.00039298 	0.000441487 	0.20256 	1 	8299.2 	8251.29 	1.54034e+21 	176.497 	8.18465e-05 	0.000123708
0.964518 	909.429 	406.624 	0.000390821 	0.000441257 	0.200915 	1 	8298.7 	8254.52 	1.54114e+21 	176.578 	8.18891e-05 	0.000123655
0.968238 	909.429 	406.678 	0.000388738 	0.000441035 	0.199275 	1 	8298.3 	8257.53 	1.54192e+21 	176.659 	8.19303e-05 	0.000123602
0.971958 	909.429 	406.728 	0.000386725 	0.00044082 	0.197642 	1 	8297.99 	8260.33 	1.54267e+21 	176.738 	8.19702e-05 	0.00012355
0.975681 	909.429 	406.774 	0.000384774 	0.000440612 	0.196014 	1 	8297.75 	8262.94 	1.5434e+21 	176.816 	8.20089e-05 	0.000123497
0.979404 	909.429 	406.818 	0.000382902 	0.00044041 	0.194392 	1 	8297.58 	8265.38 	1.54411e+21 	176.893 	8.20465e-05 	0.000123444
0.983131 	909.429 	406.859 	0.000381058 	0.000440215 	0.192776 	1 	8297.48 	8267.67 	1.54479e+21 	176.97 	8.2083e-05 	0.000123392
0.986857 	909.429 	406.897 	0.000379265 	0.000440025 	0.191166 	1 	8297.44 	8269.81 	1.54546e+21 	177.046 	8.21184e-05 	0.00012334
0.990586 	909.429 	406.933 	0.000377593 	0.00043984 	0.189561 	1 	8297.46 	8271.82 	1.54611e+21 	177.121 	8.21529e-05 	0.000123287
0.994315 	909.429 	406.966 	0.000375917 	0.00043966 	0.187961 	1 	8297.53 	8273.72 	1.54674e+21 	177.194 	8.21865e-05 	0.000123235
0.998047 	909.429 	406.998 	0.000374253 	0.000439485 	0.186366 	1 	8297.65 	8275.51 	1.54735e+21 	177.267 	8.22192e-05 	0.000123183
1.00178 	909.429 	407.029 	0.000372669 	0.000439315 	0.184776 	1 	8297.82 	8277.2 	1.54795e+21 	177.34 	8.22511e-05 	0.000123132
1.00551 	909.429 	407.058 	0.000371124 	0.00043915 	0.183193 	1 	8298.02 	8278.8 	1.54854e+21 	177.411 	8.22821e-05 	0.000123081
1.00925 	909.429 	407.085 	0.000369614 	0.000438988 	0.181612 	1 	8298.27 	8280.32 	1.54911e+21 	177.482 	8.23123e-05 	0.00012303
1.01299 	909.429 	407.111 	0.000368139 	0.000438831 	0.180036 	1 	8298.56 	8281.77 	1.54966e+21 	177.551 	8.23419e-05 	0.000122979
1.01673 	909.429 	407.136 	0.000366697 	0.000438677 	0.178465 	1 	8298.87 	8283.16 	1.55021e+21 	177.62 	8.23707e-05 	0.000122928
1.02047 	909.429 	407.159 	0.000365286 	0.000438528 	0.1769 	1 	8299.22 	8284.49 	1.55074e+21 	177.688 	8.23987e-05 	0.000122878
1.02421 	909.429 	407.182 	0.000363904 	0.000438382 	0.17534 	1 	8299.61 	8285.76 	1.55125e+21 	177.755 	8.24261e-05 	0.000122828
1.02795 	909.429 	407.204 	0.000362549 	0.00043824 	0.173784 	1 	8300.02 	8287 	1.55175e+21 	177.822 	8.24529e-05 	0.000122778
1.0317 	909.429 	407.225 	0.000361219 	0.000438101 	0.17223 	1 	8300.46 	8288.19 	1.55224e+21 	177.888 	8.2479e-05 	0.000122729
1.03545 	909.429 	407.246 	0.000359911 	0.000437965 	0.170682 	1 	8300.93 	8289.35 	1.55272e+21 	177.953 	8.25046e-05 	0.00012268
1.03919 	909.429 	407.267 	0.000358625 	0.000437833 	0.16914 	1 	8301.42 	8290.47 	1.55319e+21 	178.017 	8.25294e-05 	0.000122631
1.04294 	909.429 	407.286 	0.00035736 	0.000437705 	0.167601 	1 	8301.93 	8291.57 	1.55365e+21 	178.08 	8.25537e-05 	0.000122583
1.04669 	909.429 	407.305 	0.000356115 	0.000437579 	0.166066 	1 	8302.47 	8292.65 	1.5541e+21 	178.143 	8.25774e-05 	0.000122535
1.05044 	909.429 	407.324 	0.000354889 	0.000437457 	0.164535 	1 	8303.04 	8293.71 	1.55453e+21 	178.205 	8.26005e-05 	0.000122487
1.0542 	909.429 	407.343 	0.000353682 	0.000437337 	0.163006 	1 	8303.63 	8294.76 	1.55496e+21 	178.266 	8.26231e-05 	0.00012244
1.05795 	909.429 	407.362 	0.000352494 	0.000437221 	0.161483 	1 	8304.24 	8295.79 	1.55537e+21 	178.327 	8.26451e-05 	0.000122393
1.06171 	909.429 	407.38 	0.000351325 	0.000437107 	0.159964 	1 	8304.88 	8296.82 	1.55578e+21 	178.387 	8.26666e-05 	0.000122346
1.06547 	909.429 	407.399 	0.000350176 	0.000436997 	0.158448 	1 	8305.53 	8297.84 	1.55617e+21 	178.446 	8.26875e-05 	0.0001223
1.06923 	909.429 	407.417 	0.000349047 	0.000436889 	0.156936 	1 	8306.21 	8298.85 	1.55655e+21 	178.505 	8.27078e-05 	0.000122254
1.07299 	909.429 	407.435 	0.00034794 	0.000436785 	0.155428 	1 	8306.92 	8299.86 	1.55692e+21 	178.563 	8.27275e-05 	0.000122208
1.07675 	909.429 	407.453 	0.000346854 	0.000436683 	0.153923 	1 	8307.65 	8300.88 	1.55729e+21 	178.62 	8.27468e-05 	0.000122163
1.08052 	909.429 	407.471 	0.00034579 	0.000436584 	0.152422 	1 	8308.4 	8301.9 	1.55764e+21 	178.677 	8.27655e-05 	0.000122118
1.08428 	909.429 	407.49 	0.000344749 	0.000436488 	0.150925 	1 	8309.17 	8302.92 	1.55798e+21 	178.732 	8.27837e-05 	0.000122073
1.08805 	909.429 	407.508 	0.000343722 	0.000436396 	0.149431 	1 	8309.96 	8303.96 	1.55831e+21 	178.787 	8.28013e-05 	0.000122028
1.09182 	909.429 	407.527 	0.000342672 	0.000436306 	0.14794 	1 	8310.79 	8305 	1.55863e+21 	178.842 	8.28184e-05 	0.000121983
1.09559 	909.429 	407.546 	0.000341562 	0.000436219 	0.146453 	1 	8311.64 	8306.06 	1.55894e+21 	178.896 	8.28349e-05 	0.000121939
1.09936 	909.429 	407.569 	0.000340423 	0.00043612 	0.144687 	1 	8312.69 	8307.34 	1.5593e+21 	178.959 	8.28537e-05 	0.000121887
1.10691 	909.429 	407.605 	0.000338994 	0.000435978 	0.14201 	1 	8314.35 	8309.31 	1.5598e+21 	179.053 	8.28807e-05 	0.000121809
1.11446 	909.429 	407.645 	0.000337414 	0.00043583 	0.139062 	1 	8316.27 	8311.56 	1.56033e+21 	179.155 	8.29088e-05 	0.000121722
1.12202 	909.429 	407.687 	0.000335855 	0.000435694 	0.136123 	1 	8318.29 	8313.87 	1.56082e+21 	179.255 	8.29347e-05 	0.000121637
1.12959 	909.429 	407.729 	0.000334435 	0.000435568 	0.133193 	1 	8320.41 	8316.26 	1.56127e+21 	179.352 	8.29586e-05 	0.000121552
1.13716 	909.429 	407.773 	0.000333144 	0.000435454 	0.130271 	1 	8322.62 	8318.71 	1.56168e+21 	179.447 	8.29804e-05 	0.000121469
1.14474 	909.429 	407.819 	0.000331975 	0.00043535 	0.127358 	1 	8324.91 	8321.23 	1.56205e+21 	179.539 	8.30002e-05 	0.000121387
1.15232 	909.429 	407.865 	0.00033092 	0.000435256 	0.124451 	1 	8327.27 	8323.81 	1.56239e+21 	179.629 	8.30181e-05 	0.000121306
1.15992 	909.429 	407.913 	0.000329968 	0.00043517 	0.121548 	1 	8329.69 	8326.42 	1.5627e+21 	179.717 	8.30345e-05 	0.000121227
1.16751 	909.429 	407.959 	0.000329109 	0.000435091 	0.118652 	1 	8332.11 	8329.04 	1.56298e+21 	179.802 	8.30496e-05 	0.000121148
1.17512 	909.429 	408.007 	0.000328334 	0.000435017 	0.11576 	1 	8334.53 	8331.66 	1.56325e+21 	179.884 	8.30636e-05 	0.000121072
1.18272 	909.429 	408.052 	0.000327634 	0.000434946 	0.112874 	1 	8336.89 	8334.2 	1.5635e+21 	179.964 	8.30772e-05 	0.000120998
1.19034 	909.429 	408.096 	0.000327006 	0.000434875 	0.109991 	1 	8339.14 	8336.63 	1.56376e+21 	180.042 	8.30908e-05 	0.000120926
1.19796 	909.429 	408.137 	0.00032645 	0.0004348 	0.107112 	1 	8341.2 	8338.87 	1.56403e+21 	180.118 	8.31052e-05 	0.000120858
1.20559 	909.429 	408.171 	0.000325966 	0.000434715 	0.104238 	1 	8342.96 	8340.8 	1.56433e+21 	180.191 	8.31214e-05 	0.000120793
1.21322 	909.429 	408.198 	0.000325584 	0.000434613 	0.101368 	1 	8344.31 	8342.26 	1.5647e+21 	180.263 	8.31408e-05 	0.000120734
1.22086 	909.429 	408.213 	0.00032564 	0.000434486 	0.0985001 	1 	8345.1 	8343.12 	1.56516e+21 	180.332 	8.31651e-05 	0.000120681
1.22851 	909.429 	408.218 	0.000325604 	0.000434335 	0.0956282 	1 	8345.33 	8343.41 	1.5657e+21 	180.4 	8.31941e-05 	0.000120634
1.23616 	909.429 	408.216 	0.000324881 	0.000434165 	0.0927616 	1 	8345.02 	8343.23 	1.56632e+21 	180.464 	8.32268e-05 	0.000120594
1.24382 	909.429 	408.201 	0.000324501 	0.000433962 	0.0899035 	1 	8343.99 	8342.4 	1.56705e+21 	180.526 	8.32657e-05 	0.000120561
1.25148 	909.429 	408.167 	0.000324726 	0.00043371 	0.0870464 	1 	8341.93 	8340.54 	1.56796e+21 	180.587 	8.33142e-05 	0.000120538
1.25915 	909.429 	408.109 	0.000325055 	0.000433392 	0.0841886 	1 	8338.52 	8337.33 	1.56911e+21 	180.645 	8.33753e-05 	0.000120528
1.26683 	909.429 	408.021 	0.000325528 	0.000432992 	0.0813295 	1 	8333.43 	8332.43 	1.57056e+21 	180.702 	8.34523e-05 	0.000120533
1.27451 	909.429 	407.896 	0.000326174 	0.000432491 	0.0784704 	1 	8326.3 	8325.5 	1.57238e+21 	180.756 	8.35489e-05 	0.000120558
1.2822 	909.429 	407.726 	0.000327027 	0.000431866 	0.0756087 	1 	8316.68 	8316.07 	1.57465e+21 	180.809 	8.36698e-05 	0.000120606
1.28989 	909.429 	407.503 	0.000328105 	0.00043109 	0.0727444 	1 	8304.06 	8303.66 	1.57749e+21 	180.859 	8.38205e-05 	0.000120682
1.29759 	909.429 	407.216 	0.000329419 	0.00043013 	0.0698739 	1 	8287.8 	8287.63 	1.58102e+21 	180.908 	8.40077e-05 	0.000120791
1.3053 	909.429 	406.852 	0.000352568 	0.000428948 	0.0669954 	1 	8267.17 	8267.27 	1.58537e+21 	180.955 	8.42391e-05 	0.000120943
1.31301 	909.429 	406.397 	0.000415773 	0.000427502 	0.064109 	1 	8241.36 	8241.75 	1.59074e+21 	181 	8.45242e-05 	0.000121145
1.32073 	909.429 	405.835 	0.000504751 	0.000425739 	0.0612106 	1 	8209.36 	8210.09 	1.59733e+21 	181.044 	8.48743e-05 	0.000121411
1.32846 	909.429 	405.149 	0.000609576 	0.000423603 	0.0582982 	1 	8170.06 	8171.19 	1.60539e+21 	181.086 	8.53026e-05 	0.000121754
1.33619 	909.429 	404.318 	0.000732183 	0.000421027 	0.0553719 	1 	8122.22 	8123.82 	1.61521e+21 	181.127 	8.58246e-05 	0.000122192
1.34393 	909.429 	403.323 	0.000874628 	0.000417941 	0.0524286 	1 	8064.42 	8066.57 	1.62714e+21 	181.166 	8.64589e-05 	0.00012275
1.35167 	909.429 	402.143 	0.00103888 	0.000414262 	0.0494684 	1 	7995.11 	7997.93 	1.64161e+21 	181.204 	8.72274e-05 	0.000123457
1.35942 	909.429 	400.755 	0.00122698 	0.0004099 	0.0464886 	1 	7912.56 	7916.17 	1.6591e+21 	181.241 	8.81565e-05 	0.000124351
1.36718 	909.429 	399.141 	0.0014409 	0.000404758 	0.0434894 	1 	7814.87 	7819.44 	1.6802e+21 	181.278 	8.92777e-05 	0.000125484
1.37494 	909.429 	397.285 	0.0016825 	0.000398735 	0.0404734 	1 	7700.11 	7705.82 	1.70561e+21 	181.314 	9.0628e-05 	0.000126921
1.38271 	909.429 	395.174 	0.00195361 	0.000391715 	0.0374411 	1 	7566.07 	7573.16 	1.73622e+21 	181.35 	9.22545e-05 	0.000128752
1.39049 	909.429 	392.804 	0.00225602 	0.000383581 	0.0343961 	1 	7410.46 	7419.25 	1.7731e+21 	181.387 	9.42143e-05 	0.0001311
1.39827 	909.429 	390.18 	0.0025914 	0.000374213 	0.0313458 	1 	7230.99 	7241.93 	1.81758e+21 	181.425 	9.65777e-05 	0.000134134
1.40606 	909.429 	387.318 	0.00296182 	0.000363476 	0.0282969 	1 	7025.09 	7038.81 	1.8714e+21 	181.466 	9.94374e-05 	0.000138096
1.41385 	909.429 	384.244 	0.00336939 	0.000351238 	0.0252623 	1 	6790.21 	6807.75 	1.93679e+21 	181.51 	0.000102912 	0.000143337
1.42165 	909.429 	380.984 	0.00381655 	0.000337344 	0.0222582 	1 	6523.39 	6546.45 	2.01683e+21 	181.56 	0.000107165 	0.000150395
1.42946 	909.429 	377.555 	0.00430299 	0.000321642 	0.0193183 	1 	6221.73 	6253.11 	2.11569e+21 	181.618 	0.000112418 	0.000160106
1.43727 	909.429 	373.925 	0.00482505 	0.000304002 	0.0164994 	1 	5882.52 	5926.67 	2.23906e+21 	181.68 	0.000118973 	0.000178538
1.44509 	909.429 	369.951 	0.00529602 	0.000284296 	0.0140381 	1 	5503.98 	5566.68 	2.39521e+21 	181.773 	0.00012727 	0.000210603
1.45292 	909.429 	365.822 	0.00578584 	0.000264872 	0.0116783 	1 	5126.7 	5212.57 	2.56992e+21 	181.724 	0.000136553 	0.000252664
1.45683 	909.429 	362.636 	0.0063159 	0.000251118 	0.00964875 	1 	4858.61 	4965.82 	2.70971e+21 	181.658 	0.000143981 	0.000290646
1.46075 	909.429 	359.358 	0.00676165 	0.000238248 	0.00812503 	1 	4611.25 	4743.51 	2.85656e+21 	181.723 	0.000151784 	0.000334691
1.46467 	909.429 	355.924 	0.00710633 	0.000226239 	0.00698281 	1 	4378.16 	4537.3 	3.00741e+21 	181.693 	0.000159799 	0.000385363
1.46663 	909.429 	353.195 	0.00746249 	0.000217627 	0.00597846 	1 	4210.37 	4391.02 	3.1257e+21 	181.646 	0.000166084 	0.000429115
1.46859 	909.429 	350.637 	0.00777892 	0.000210146 	0.00518716 	1 	4066.25 	4267.29 	3.2371e+21 	181.673 	0.000172004 	0.000473416
1.47055 	909.429 	347.773 	0.00804956 	0.000202405 	0.00456531 	1 	3916.9 	4140.4 	3.36108e+21 	181.694 	0.000178592 	0.000526855
1.47251 	909.429 	344.558 	0.00833268 	0.000194399 	0.00399926 	1 	3762.35 	4010.17 	3.49971e+21 	181.712 	0.000185958 	0.000592051
1.47447 	909.429 	340.938 	0.00863363 	0.000186109 	0.00347184 	1 	3602.31 	3876.29 	3.65586e+21 	181.732 	0.000194255 	0.000672797
1.47643 	909.429 	336.851 	0.00895152 	0.000177522 	0.00299788 	1 	3436.41 	3738.34 	3.83305e+21 	181.748 	0.00020367 	0.000774621
1.47839 	909.429 	332.228 	0.00923971 	0.000168622 	0.00267519 	1 	3264.5 	3595.8 	4.03585e+21 	181.77 	0.000214446 	0.000905461
1.48035 	909.429 	327.635 	0.00952455 	0.000160501 	0.00232225 	1 	3106.59 	3464.93 	4.23896e+21 	181.728 	0.000225238 	0.00105342
1.48134 	909.429 	324.147 	0.00983371 	0.00015473 	0.0018694 	1 	2994.14 	3371.85 	4.3961e+21 	181.684 	0.000233588 	0.00118038
1.48232 	909.429 	321.058 	0.010112 	0.000149825 	0.00151541 	1 	2899.52 	3293.68 	4.54015e+21 	181.702 	0.000241242 	0.00130657
1.4833 	909.429 	317.761 	0.0103508 	0.000144817 	0.00127983 	1 	2802.84 	3213.74 	4.69731e+21 	181.718 	0.000249593 	0.00145634
1.48428 	909.429 	314.222 	0.0106007 	0.000139679 	0.0010843 	1 	2703.59 	3131.43 	4.87029e+21 	181.73 	0.000258784 	0.00163679
1.48527 	909.429 	310.417 	0.0108716 	0.000134402 	0.000906387 	1 	2601.61 	3046.46 	5.06175e+21 	181.742 	0.000268957 	0.00185692
1.48625 	909.429 	306.343 	0.0111693 	0.000129002 	0.000738507 	1 	2497.24 	2958.99 	5.27393e+21 	181.754 	0.000280231 	0.00212784
1.48723 	909.429 	301.971 	0.011498 	0.000123464 	0.000581617 	1 	2390.24 	2868.65 	5.51085e+21 	181.769 	0.00029282 	0.00246687
1.48821 	909.429 	297.248 	0.0118575 	0.000117747 	0.000444514 	1 	2279.81 	2774.54 	5.77895e+21 	181.788 	0.000307066 	0.00290156
1.4892 	909.429 	292.133 	0.0122551 	0.000111835 	0.000331294 	1 	2165.6 	2676.1 	6.08515e+21 	181.811 	0.000323336 	0.00347167
1.49018 	909.429 	286.609 	0.0127077 	0.000105737 	0.000238232 	1 	2047.81 	2573.17 	6.437e+21 	181.838 	0.000342031 	0.00423562
1.49116 	909.429 	280.622 	0.0132355 	9.9424e-05 	0.000169803 	1 	1925.92 	2464.92 	6.84699e+21 	181.873 	0.000363816 	0.0052935
1.49214 	909.429 	274.074 	0.0138451 	9.28275e-05 	0.000137821 	1 	1798.71 	2349.71 	7.33557e+21 	181.93 	0.000389778 	0.00682603
1.49313 	909.429 	266.876 	0.0145327 	8.59088e-05 	0.00018772 	1 	1665.42 	2226.13 	7.92929e+21 	182.015 	0.000421325 	0.00916092
1.49411 	909.429 	258.956 	0.0151109 	7.86713e-05 	0.000685865 	1 	1526.12 	2093.12 	8.66322e+21 	182.137 	0.000460322 	0.0129222
1.49509 	909.429 	251.366 	0.0157488 	7.21648e-05 	0.00100075 	1 	1398.83 	1967.98 	9.43767e+21 	181.986 	0.000501473 	0.0182251
1.49558 	909.429 	245.44 	0.016696 	6.73198e-05 	0.00048799 	1 	1303.48 	1871.92 	1.0111e+22 	181.795 	0.00053725 	0.0241892
1.49607 	909.429 	240.227 	0.017654 	6.31266e-05 	0.000135985 	1 	1222.8 	1788.93 	1.07851e+22 	181.871 	0.00057307 	0.031702
1.49656 	909.429 	234.495 	0.018558 	5.87083e-05 	0.000139658 	1 	1137.77 	1699.61 	1.16007e+22 	181.96 	0.000616409 	0.0433635
1.49706 	909.429 	228.073 	0.0196349 	5.40456e-05 	0.000126369 	1 	1047.91 	1602.66 	1.26074e+22 	182.049 	0.000669896 	0.0626694
1.49755 	909.429 	220.731 	0.0210455 	4.91311e-05 	0.000244739 	1 	953.257 	1497.18 	1.3878e+22 	182.172 	0.000737411 	0.0971692
1.49804 	909.429 	211.913 	0.0229431 	4.38855e-05 	0.000648021 	1 	852.485 	1380.27 	1.55556e+22 	182.391 	0.000826551 	0.167047
1.49853 	909.429 	200.381 	0.0256257 	3.81797e-05 	0.00177443 	1 	743.175 	1246.2 	1.79211e+22 	182.778 	0.000952245 	0.338511
1.49902 	909.429 	183.006 	0.0294746 	3.1855e-05 	0.00545511 	1 	622.065 	1083.95 	2.15853e+22 	183.386 	0.00114694 	0.922161
1.49951 	909.429 	147.611 	0.0492308 	2.47717e-05 	0.0121243 	1 	481.715 	859.921 	2.80939e+22 	182.373 	0.00149277 	5.17652
