0 	4440 	0 	0 	7.16143e-12 	-1.93355e-13 	0
0.041502 	4440 	1.877e-13 	0 	2.45213e-13 	-8.32139e-14 	0
0.0815173 	4440 	1.11876e-13 	0 	-4.44907e-12 	8.36341e-14 	0
0.120099 	4440 	-2.11279e-14 	0 	5.73158e-14 	8.06587e-14 	0
0.157299 	4440 	-2.6983e-14 	0 	1.72513e-12 	1.97767e-14 	-2.54818e-19
0.193166 	4440 	4.80308e-14 	0 	-5.04365e-13 	-2.81617e-14 	-2.45009e-19
0.227748 	4440 	8.39933e-14 	0 	-2.75518e-13 	-3.51006e-14 	0
0.261091 	4440 	1.09917e-13 	0 	2.74906e-12 	-5.18623e-14 	0
0.29324 	4440 	1.26401e-13 	0 	2.17992e-12 	-7.98037e-14 	0
0.324237 	4440 	8.30257e-14 	0 	-3.82942e-13 	9.28236e-15 	1.38852e-19
0.354123 	4440 	5.07321e-14 	0 	-5.20146e-13 	7.15834e-14 	-7.67473e-21
0.382939 	4440 	6.2812e-14 	0 	-3.95815e-13 	3.37427e-14 	-1.02452e-17
0.410723 	4440 	8.67115e-14 	0 	-4.78219e-13 	-4.94918e-14 	-9.78823e-18
0.437511 	4440 	9.93872e-14 	0 	1.88184e-13 	-7.30346e-14 	-1.07133e-17
0.46334 	4440 	1.1406e-13 	0 	1.48932e-12 	-8.55852e-14 	-1.03797e-17
0.488243 	4440 	1.47368e-13 	0 	1.33485e-12 	-1.65012e-13 	1.57797e-19
0.512254 	4440 	1.72862e-13 	0 	-1.92089e-12 	-1.40645e-13 	1.52802e-19
0.535405 	4440 	1.74223e-13 	0 	-3.65816e-12 	-5.72923e-14 	1.20751e-17
0.557727 	4440 	1.78811e-13 	0 	1.3654e-12 	-2.89838e-14 	5.14028e-18
0.568488 	4440 	1.87256e-13 	0 	3.80308e-12 	-6.45184e-14 	-6.04914e-18
0.579249 	4440 	1.83238e-13 	0 	2.40659e-12 	-7.50478e-14 	-2.99124e-18
0.589624 	4440 	1.769e-13 	0 	1.3978e-12 	-7.6072e-14 	0
0.6 	4440 	1.78596e-13 	0 	1.11936e-13 	-1.02349e-13 	0
0.603574 	4440 	1.79107e-13 	0 	-1.34141e-12 	-9.03125e-14 	0
0.607148 	4440 	1.80675e-13 	0 	-3.48792e-12 	-8.54229e-14 	1.53629e-20
0.610725 	4440 	1.82092e-13 	0 	3.39744e-13 	-7.52139e-14 	1.13997e-18
0.614302 	4440 	1.80344e-13 	0 	1.59326e-11 	-8.63536e-14 	1.13996e-18
0.617882 	4440 	1.76244e-13 	0 	7.82915e-11 	-1.07512e-13 	1.52934e-20
0.621462 	4440 	1.69143e-13 	0 	4.52598e-10 	-7.72503e-14 	-1.13483e-18
0.625045 	4440 	1.48337e-13 	0 	2.52124e-09 	-5.54048e-14 	1.44994e-20
0.628627 	4440 	1.39109e-13 	0 	1.38114e-08 	-1.73974e-13 	1.16458e-18
0.632213 	4440 	2.25101e-13 	0 	7.52983e-08 	-9.1077e-13 	1.51536e-20
0.635798 	4440 	6.94201e-13 	0 	4.11669e-07 	-4.94178e-12 	0
0.639386 	4440 	3.26624e-12 	0 	2.24537e-06 	-2.69657e-11 	1.50556e-20
0.642975 	4440 	1.74049e-11 	0 	1.22873e-05 	-1.46733e-10 	1.50567e-20
0.646567 	4440 	9.50398e-11 	0 	6.70717e-05 	-8.02359e-10 	-1.49916e-20
0.650158 	4440 	5.18945e-10 	0 	0.000367242 	-4.37001e-09 	-1.49924e-20
0.653752 	4440 	2.84373e-09 	0 	0.00200591 	-2.39152e-08 	-1.13699e-18
0.657346 	4440 	1.56009e-08 	0 	0.0109928 	-1.30356e-07 	-1.13707e-18
0.660944 	4439.99 	8.63092e-08 	0 	0.0600749 	-7.13983e-07 	0
0.664541 	4439.98 	4.81801e-07 	0 	0.329106 	-3.89128e-06 	-1.11817e-18
0.668141 	4439.86 	2.76046e-06 	0 	1.78476 	-2.1271e-05 	-1.11821e-18
0.67174 	4439.2 	1.61769e-05 	0 	9.3946 	-0.000114147 	1.51842e-20
0.675343 	4435.47 	9.32735e-05 	0 	43.5807 	-0.00057919 	1.31974e-18
0.678946 	4417.31 	0.000451671 	0 	159.224 	-0.00239597 	1.30462e-18
0.682552 	4350.47 	0.00174106 	0 	436.78 	-0.00729036 	3.96848e-18
0.686158 	4176.83 	0.00509237 	0 	943.326 	-0.0164588 	3.96863e-18
0.689766 	3844.59 	0.0117289 	0 	1716.07 	-0.0305918 	-1.73177e-17
0.693375 	3348 	0.0222701 	0 	2859.92 	-0.0509047 	1.43232e-17
0.696986 	2720.18 	0.0365487 	0 	4941.76 	-0.0846412 	-2.33216e-17
0.700598 	2013.37 	0.0495644 	0 	8221.66 	-0.173715 	-5.49688e-17
0.704213 	1364.44 	0.0637748 	0 	10260.3 	-0.225985 	-2.12401e-18
0.707827 	957.474 	0.0729493 	0 	8355.72 	-0.16927 	-2.11065e-16
0.711444 	790.03 	0.0740571 	0 	4402.23 	-0.0937517 	-2.08952e-16
0.715061 	728.676 	0.0761042 	0 	1704.97 	-0.0458586 	3.07459e-18
0.718681 	702.309 	0.0775246 	0 	640.537 	-0.0253249 	3.07489e-18
0.722302 	686.481 	0.0783572 	0 	291.183 	-0.0161039 	-3.1132e-18
0.725925 	674.073 	0.0788493 	0 	179.71 	-0.0119377 	-2.42096e-16
0.729548 	662.773 	0.0791344 	0 	146.163 	-0.00989219 	-2.42116e-16
0.733174 	651.982 	0.0793144 	0 	134.516 	-0.00872155 	-6.24463e-18
0.7368 	641.584 	0.0794361 	0 	128.097 	-0.00795799 	-2.46303e-16
0.740429 	631.561 	0.0795216 	0 	122.752 	-0.00740805 	-5.82468e-18
0.744058 	621.907 	0.0795836 	0 	117.64 	-0.00697834 	2.34253e-16
0.74769 	612.611 	0.0796288 	0 	112.671 	-0.00661874 	-3.12691e-18
0.751321 	603.662 	0.0796611 	0 	107.864 	-0.00630144 	0
0.754956 	595.048 	0.0796823 	0 	103.238 	-0.0060113 	2.3841e-16
0.758591 	586.754 	0.0796932 	0 	98.8025 	-0.00574178 	2.3529e-16
0.762228 	578.767 	0.0796944 	0 	94.5596 	-0.00549091 	2.38781e-16
0.765866 	571.074 	0.0796859 	0 	90.5114 	-0.00525933 	4.83882e-16
0.769507 	563.662 	0.0796681 	0 	86.6549 	-0.00504886 	4.87363e-16
0.773147 	556.52 	0.0796413 	0 	82.9852 	-0.00486159 	4.87678e-16
0.77679 	549.633 	0.0796057 	0 	79.4972 	-0.00469886 	2.42287e-16
0.780434 	542.99 	0.0795617 	0 	76.1843 	-0.00456041 	0
0.78408 	536.577 	0.0795097 	0 	73.0387 	-0.0044441 	3.11873e-18
0.787727 	530.384 	0.07945 	0 	70.0539 	-0.0043462 	3.11906e-18
0.791376 	524.398 	0.0793833 	0 	67.2239 	-0.00426226 	0
0.795026 	518.608 	0.0793101 	0 	64.5434 	-0.00418768 	-2.42601e-16
0.798678 	513.005 	0.0792312 	0 	62.0066 	-0.00411884 	-4.82212e-16
0.80233 	507.576 	0.0791472 	0 	59.6092 	-0.00405348 	-4.85243e-16
0.805986 	502.312 	0.0790586 	0 	57.3465 	-0.00399053 	-4.88322e-16
0.809641 	497.204 	0.078966 	0 	55.2122 	-0.00393016 	-2.42693e-16
0.813299 	492.244 	0.0788698 	0 	53.2006 	-0.00387267 	-2.45701e-16
0.816957 	487.421 	0.0787703 	0 	51.3061 	-0.00381866 	-1.8124e-19
0.820618 	482.728 	0.0786679 	0 	49.5218 	-0.00376871 	-3.39222e-20
0.824279 	478.156 	0.0785625 	0 	47.8417 	-0.00372305 	-2.45593e-16
0.827943 	473.699 	0.0784541 	0 	46.2596 	-0.00368199 	3.0817e-18
0.831607 	469.35 	0.0783429 	0 	44.7698 	-0.00364548 	-2.39062e-16
0.835274 	465.101 	0.0782286 	0 	43.3664 	-0.00361315 	7.89526e-20
0.83894 	460.947 	0.0781113 	0 	42.0442 	-0.00358476 	2.42244e-16
0.84261 	456.881 	0.0779908 	0 	40.7982 	-0.00356009 	0
0.84628 	452.898 	0.0778666 	0 	39.6239 	-0.00353878 	0
0.849953 	448.992 	0.0777388 	0 	38.5164 	-0.00351972 	0
0.853626 	445.159 	0.0776077 	0 	37.4717 	-0.00350066 	0
0.857301 	441.395 	0.0774738 	0 	36.4861 	-0.00348051 	0
0.860977 	437.694 	0.0773367 	0 	35.5563 	-0.00346164 	-2.38188e-16
0.864656 	434.052 	0.0771958 	0 	34.6782 	-0.0034454 	-2.38196e-16
0.868334 	430.467 	0.0770514 	0 	33.848 	-0.00343068 	0
0.872016 	426.934 	0.0769035 	0 	33.0632 	-0.00341716 	0
0.875698 	423.45 	0.0767523 	0 	32.3204 	-0.0034046 	3.02486e-18
0.879382 	420.013 	0.0765979 	0 	31.6167 	-0.00339297 	-2.34567e-16
0.883067 	416.618 	0.0764403 	0 	30.9495 	-0.00338235 	2.74383e-18
0.886755 	413.264 	0.0762795 	0 	30.3164 	-0.00337254 	2.4036e-16
0.890442 	409.949 	0.076116 	0 	29.7145 	-0.00336342 	3.00597e-18
0.894132 	406.669 	0.0759498 	0 	29.1419 	-0.00335495 	6.00804e-18
0.897823 	403.423 	0.075781 	0 	28.5965 	-0.00334717 	6.53564e-21
0.901517 	400.208 	0.0756097 	0 	28.0763 	-0.00334001 	-2.99592e-18
0.90521 	397.024 	0.0754362 	0 	27.5793 	-0.00333332 	0
0.908906 	393.868 	0.0752606 	0 	27.104 	-0.00332715 	-2.98308e-18
0.912602 	390.739 	0.075083 	0 	26.6488 	-0.00332144 	-2.45041e-16
0.916301 	387.635 	0.0749037 	0 	26.2121 	-0.00331603 	-2.42075e-16
0.920001 	384.555 	0.0747229 	0 	25.7929 	-0.00331101 	2.96625e-18
0.923704 	381.497 	0.0745406 	0 	25.3896 	-0.00330636 	-2.35691e-16
0.927406 	378.461 	0.0743572 	0 	25.0013 	-0.0033019 	-4.77029e-16
0.931111 	375.445 	0.0741728 	0 	24.6269 	-0.0032977 	-4.79616e-16
0.934816 	372.449 	0.0739874 	0 	24.2655 	-0.00329379 	-2.41254e-16
0.938524 	369.471 	0.0738013 	0 	23.916 	-0.00329004 	2.40789e-16
0.942233 	366.51 	0.0736147 	0 	23.5778 	-0.00328653 	2.37865e-16
0.945944 	363.566 	0.0734278 	0 	23.2501 	-0.00328313 	2.34599e-16
0.949655 	360.638 	0.073241 	0 	22.932 	-0.00327982 	2.37549e-16
0.953369 	357.726 	0.0730541 	0 	22.6231 	-0.00327676 	-2.37085e-16
0.957084 	354.828 	0.0728673 	0 	22.3228 	-0.00327398 	-2.40015e-16
0.960801 	351.944 	0.0726809 	0 	22.0305 	-0.00327132 	-2.9176e-18
0.964518 	349.073 	0.0724951 	0 	21.7458 	-0.00326873 	-2.90707e-18
0.968238 	346.216 	0.0723099 	0 	21.4682 	-0.00326635 	2.33465e-16
0.971958 	343.371 	0.0721254 	0 	21.1974 	-0.00326425 	2.36384e-16
0.975681 	340.539 	0.0719418 	0 	20.9333 	-0.00326231 	2.89318e-18
0.979404 	337.718 	0.0717591 	0 	20.6665 	-0.00326051 	2.89368e-18
0.983131 	334.908 	0.0715773 	0 	20.4035 	-0.0032589 	0
0.986857 	332.109 	0.0713966 	0 	20.1755 	-0.00325752 	-2.87673e-18
0.990586 	329.321 	0.0712169 	0 	19.9513 	-0.00325637 	-5.75012e-18
0.994315 	326.542 	0.0710384 	0 	19.6956 	-0.00325536 	-2.87338e-18
0.998047 	323.774 	0.0708609 	0 	19.4459 	-0.00325455 	0
1.00178 	321.016 	0.0706845 	0 	19.2147 	-0.00325392 	-2.37648e-16
1.00551 	318.268 	0.0705093 	0 	18.9865 	-0.00325351 	-2.37676e-16
1.00925 	315.527 	0.070335 	0 	18.7606 	-0.00325337 	2.33924e-16
1.01299 	312.794 	0.0701618 	0 	18.537 	-0.00325342 	2.33924e-16
1.01673 	310.071 	0.0699896 	0 	18.3158 	-0.00325374 	2.33695e-16
1.02047 	307.358 	0.0698186 	0 	18.0971 	-0.00325426 	2.33696e-16
1.02421 	304.653 	0.0696488 	0 	17.8808 	-0.003255 	2.33463e-16
1.02795 	301.956 	0.06948 	0 	17.6669 	-0.00325603 	2.33502e-16
1.0317 	299.265 	0.0693121 	0 	17.4554 	-0.00325735 	-2.29793e-16
1.03545 	296.582 	0.0691455 	0 	17.2464 	-0.00325886 	-2.29755e-16
1.03919 	293.911 	0.0689804 	0 	17.0399 	-0.0032606 	0
1.04294 	291.246 	0.0688165 	0 	16.8359 	-0.00326258 	2.35048e-16
1.04669 	288.587 	0.068654 	0 	16.6343 	-0.00326481 	2.37847e-16
1.05044 	285.936 	0.068493 	0 	16.435 	-0.00326724 	5.58453e-18
1.0542 	283.29 	0.0683336 	0 	16.238 	-0.00326976 	2.37495e-16
1.05795 	280.653 	0.0681762 	0 	16.0433 	-0.00327239 	3.60739e-18
1.06171 	278.022 	0.0680207 	0 	15.8507 	-0.0032752 	-2.28367e-16
1.06547 	275.398 	0.0678673 	0 	15.6603 	-0.00327811 	2.77489e-18
1.06923 	272.781 	0.0677163 	0 	15.4719 	-0.00328094 	0
1.07299 	270.171 	0.067568 	0 	15.2857 	-0.00328382 	2.76253e-18
1.07675 	267.568 	0.0674224 	0 	15.1015 	-0.00328678 	2.32627e-16
1.08052 	264.97 	0.0672797 	0 	14.9192 	-0.0032897 	4.63041e-16
1.08428 	262.379 	0.0671401 	0 	14.739 	-0.00329257 	4.60043e-16
1.08805 	259.794 	0.0670037 	0 	14.5614 	-0.00329545 	2.26902e-16
1.09182 	257.214 	0.0668708 	0 	14.3878 	-0.00329835 	2.29387e-16
1.09559 	254.641 	0.0667415 	0 	14.1844 	-0.00330117 	2.32119e-16
1.09936 	251.586 	0.0666015 	0 	13.9479 	-0.00330523 	-2.29011e-18
1.10691 	246.956 	0.066381 	0 	13.6676 	-0.00331007 	4.56966e-16
1.11446 	241.856 	0.066158 	0 	13.3536 	-0.00331588 	1.2194e-17
1.12202 	236.773 	0.0659513 	0 	13.0124 	-0.00332189 	-9.10531e-16
1.12959 	231.705 	0.065761 	0 	12.6762 	-0.00332815 	-4.60093e-16
1.13716 	226.653 	0.0655866 	0 	12.3418 	-0.00333456 	5.34246e-18
1.14474 	221.613 	0.0654273 	0 	12.0094 	-0.00334113 	-4.47124e-16
1.15232 	216.584 	0.0652818 	0 	11.6795 	-0.00334786 	-4.52689e-16
1.15992 	211.562 	0.0651487 	0 	11.3526 	-0.00335457 	-4.50865e-16
1.16751 	206.551 	0.0650265 	0 	11.0296 	-0.00336123 	-8.99769e-16
1.17512 	201.545 	0.0649134 	0 	10.7103 	-0.00336784 	-4.48904e-16
1.18272 	196.548 	0.0648076 	0 	10.3944 	-0.00337431 	0
1.19034 	191.552 	0.064707 	0 	10.08 	-0.00338065 	-5.20423e-18
1.19796 	186.561 	0.0646103 	0 	9.76805 	-0.00338687 	-5.20552e-18
1.20559 	181.572 	0.0645157 	0 	9.47305 	-0.00339301 	-5.16575e-18
1.21322 	176.586 	0.0644223 	0 	9.23771 	-0.00339927 	-2.47761e-20
1.22086 	171.597 	0.0643295 	0 	8.9989 	-0.00340526 	4.47658e-16
1.22851 	166.595 	0.0642351 	0 	8.62938 	-0.00341034 	8.84652e-16
1.23616 	161.597 	0.0641371 	0 	8.24735 	-0.00341567 	4.42137e-16
1.24382 	156.607 	0.0640366 	0 	7.98726 	-0.00342155 	0
1.25148 	151.61 	0.0639341 	0 	7.75421 	-0.00342695 	5.04339e-18
1.25915 	146.6 	0.0638284 	0 	7.49187 	-0.00343176 	5.04559e-18
1.26683 	141.577 	0.0637189 	0 	7.22581 	-0.00343608 	-5.00616e-18
1.27451 	136.539 	0.063605 	0 	6.9629 	-0.00343986 	-2.44017e-20
1.2822 	131.482 	0.0634856 	0 	6.70575 	-0.00344308 	4.45443e-16
1.28989 	126.403 	0.0633597 	0 	6.45624 	-0.00344573 	8.74771e-16
1.29759 	121.294 	0.0632254 	0 	6.21385 	-0.00344791 	4.34415e-16
1.3053 	116.15 	0.0630803 	0 	5.97975 	-0.00345005 	-4.32503e-16
1.31301 	110.969 	0.0629215 	0 	5.75767 	-0.0034506 	-4.3261e-16
1.32073 	105.744 	0.062745 	0 	5.54617 	-0.00345536 	0
1.32846 	100.468 	0.0625473 	0 	5.34758 	-0.00346037 	0
1.33619 	95.1418 	0.0623221 	0 	5.16628 	-0.00345795 	4.82694e-18
1.34393 	89.7597 	0.0620609 	0 	5.00444 	-0.0034548 	4.82841e-18
1.35167 	84.323 	0.0617546 	0 	4.86929 	-0.00345347 	4.31201e-16
1.35942 	78.8292 	0.0613925 	0 	4.761 	-0.00345342 	1.41167e-18
1.36718 	73.2819 	0.0609619 	0 	4.68814 	-0.00345427 	-4.34862e-16
1.37494 	67.6917 	0.0604484 	0 	4.66896 	-0.00345607 	-4.32918e-16
1.38271 	62.0664 	0.0598339 	0 	4.7059 	-0.00345869 	-8.50635e-16
1.39049 	56.4221 	0.0590982 	0 	4.82229 	-0.00346211 	-4.22367e-16
1.39827 	50.7836 	0.0582175 	0 	5.05116 	-0.00346615 	-9.34994e-18
1.40606 	45.1765 	0.0571635 	0 	5.4291 	-0.00347034 	-9.35301e-18
1.41385 	39.6398 	0.0559028 	0 	6.0223 	-0.00347298 	8.28218e-16
1.42165 	34.2184 	0.0543931 	0 	6.90684 	-0.00347586 	8.28625e-16
1.42946 	28.986 	0.052586 	0 	7.70082 	-0.00343447 	0
1.43727 	24.05 	0.0503576 	0 	9.93412 	-0.00371951 	0
1.44509 	19.7595 	0.0484489 	0 	1.22624 	-0.00368677 	-9.13517e-18
1.45292 	15.887 	0.0463618 	0 	-10.0708 	-0.00136452 	4.44484e-16
1.45683 	12.7969 	0.0447121 	0 	2.98392 	-0.00109155 	4.01086e-16
1.46075 	10.4821 	0.0428877 	0 	2.11453 	-0.00226351 	3.99587e-16
1.46467 	8.78836 	0.0410499 	0 	-13.331 	-0.000962339 	4.01002e-16
1.46663 	7.38677 	0.0399159 	0 	-0.206799 	-0.000483159 	-1.99489e-16
1.46859 	6.294 	0.0386598 	0 	12.231 	-0.00166217 	-3.98928e-16
1.47055 	5.43304 	0.0373723 	0 	9.92187 	-0.00256 	-1.99439e-16
1.47251 	4.66052 	0.0360189 	0 	9.55005 	-0.00293765 	-1.99315e-16
1.47447 	3.95421 	0.0345856 	0 	9.17002 	-0.00299834 	-3.98575e-16
1.47643 	3.32947 	0.0330533 	0 	9.74881 	-0.00276146 	-1.99261e-16
1.47839 	2.89028 	0.0314732 	0 	-9.28927 	-0.00214869 	-1.99145e-16
1.48035 	2.45536 	0.0298963 	0 	-28.9783 	0.00850085 	-2.00773e-16
1.48134 	1.94282 	0.0290023 	0 	-4.69715 	0.0102277 	0
1.48232 	1.5462 	0.0280128 	0 	17.5393 	0.00368516 	0
1.4833 	1.28066 	0.0270179 	0 	14.3463 	-0.00173307 	0
1.48428 	1.06218 	0.025992 	0 	12.0874 	-0.00300599 	0
1.48527 	0.866876 	0.0249228 	0 	11.9001 	-0.00314408 	0
1.48625 	0.686677 	0.0238141 	0 	13.8006 	-0.00336978 	0
1.48723 	0.521851 	0.0226617 	0 	17.6821 	-0.00296795 	-9.00735e-18
1.48821 	0.379825 	0.0214552 	0 	21.3739 	-0.00275859 	-9.00599e-18
1.4892 	0.262982 	0.0201858 	0 	24.9693 	-0.00273455 	0
1.49018 	0.16491 	0.0188702 	0 	31.3913 	-0.00281697 	8.99973e-18
1.49116 	0.0852299 	0.0175568 	0 	47.1235 	-0.002429 	8.99794e-18
1.49214 	0.0453167 	0.016166 	0 	72.2847 	-0.00462733 	0
1.49313 	0.100581 	0.0147238 	0 	105.35 	-0.00654197 	0
1.49411 	0.489077 	0.0133371 	0 	-53.4923 	-0.00415219 	0
1.49509 	0.711012 	0.0120244 	0 	-234.097 	-0.00272863 	-4.29621e-17
1.49558 	0.312678 	0.0109947 	0 	-40.3995 	-0.00537746 	-4.28862e-17
1.49607 	-0.0360822 	0.0101447 	0 	168.702 	-0.00529543 	4.2914e-17
1.49656 	-0.0668343 	0.00917536 	0 	180.063 	-0.0041023 	8.41831e-19
1.49706 	0.0146147 	0.00810809 	0 	214.684 	-0.00110624 	8.74577e-19
1.49755 	0.132803 	0.00690832 	0 	349.19 	0.00160475 	4.29494e-17
1.49804 	0.352813 	0.00566823 	0 	618.166 	0.000387076 	-4.30447e-17
1.49853 	0.904784 	0.00448904 	0 	1014.82 	0.000128799 	-4.30456e-17
1.49902 	2.52147 	0.0033004 	0 	-413.468 	-0.00412127 	-5.2384e-17
1.49951 	4.93267 	0.00214688 	0 	-2430.97 	-0.0063513 	-5.2384e-17
