0 	909.429 	7.25941 	1.33315e-13 	0.003693 	13.5537 	5.92193e-86 	1 	295 	2.18096e-65 	1.84143e+20 	0.75 	9.78449e-06
0.041502 	909.429 	7.25941 	1.51516e-13 	0.003693 	13.5537 	4.15808e-85 	1 	295 	1.53136e-64 	1.84143e+20 	0.75 	9.78449e-06
0.0815173 	909.429 	7.25941 	1.10437e-13 	0.003693 	13.5537 	6.65561e-85 	1 	295 	2.45117e-64 	1.84143e+20 	0.75 	9.78449e-06
0.120099 	909.429 	7.25941 	9.50964e-14 	0.003693 	13.5537 	9.16177e-85 	1 	295 	3.37415e-64 	1.84143e+20 	0.75 	9.78449e-06
0.157299 	909.429 	7.25941 	9.62307e-14 	0.003693 	13.5537 	1.18112e-84 	1 	295 	4.34989e-64 	1.84143e+20 	0.75 	9.78449e-06
0.193166 	909.429 	7.25941 	5.77702e-14 	0.003693 	13.5537 	1.43811e-84 	1 	295 	5.29637e-64 	1.84143e+20 	0.75 	9.78449e-06
0.227748 	909.429 	7.25941 	8.07209e-14 	0.003693 	13.5537 	1.83149e-84 	1 	295 	6.74513e-64 	1.84143e+20 	0.75 	9.78449e-06
0.261091 	909.429 	7.25941 	6.00287e-14 	0.003693 	13.5537 	8.01492e-84 	1 	295 	2.95178e-63 	1.84143e+20 	0.75 	9.78449e-06
0.29324 	909.429 	7.25941 	1.47551e-14 	0.003693 	13.5537 	1.939e-82 	1 	295 	7.14107e-62 	1.84143e+20 	0.75 	9.78449e-06
0.324237 	909.429 	7.25941 	1.62569e-14 	0.003693 	13.5537 	6.48049e-81 	1 	295 	2.38667e-60 	1.84143e+20 	0.75 	9.78449e-06
0.354123 	909.429 	7.25941 	4.92836e-14 	0.003693 	13.5537 	3.47894e-79 	1 	295 	1.28125e-58 	1.84143e+20 	0.75 	9.78449e-06
0.382939 	909.429 	7.25941 	9.34811e-14 	0.003693 	13.5537 	1.3538e-77 	1 	295 	4.98586e-57 	1.84143e+20 	0.75 	9.78449e-06
0.410723 	909.429 	7.25941 	8.31166e-14 	0.003693 	13.5537 	5.48932e-76 	1 	295 	2.02165e-55 	1.84143e+20 	0.75 	9.78449e-06
0.437511 	909.429 	7.25941 	7.12204e-14 	0.003693 	13.5537 	2.58014e-74 	1 	295 	9.50229e-54 	1.84143e+20 	0.75 	9.78449e-06
0.46334 	909.429 	7.25941 	6.06985e-14 	0.003693 	13.5537 	8.0608e-73 	1 	295 	2.96868e-52 	1.84143e+20 	0.75 	9.78449e-06
0.488243 	909.429 	7.25941 	4.81519e-14 	0.003693 	13.5537 	2.10809e-71 	1 	295 	7.76381e-51 	1.84143e+20 	0.75 	9.78449e-06
0.512254 	909.429 	7.25941 	4.71836e-14 	0.003693 	13.5537 	6.38089e-70 	1 	295 	2.35e-49 	1.84143e+20 	0.75 	9.78449e-06
0.535405 	909.429 	7.25941 	4.08141e-14 	0.003693 	13.5537 	1.47444e-68 	1 	295 	5.43016e-48 	1.84143e+20 	0.75 	9.78449e-06
0.557727 	909.429 	7.25941 	6.36582e-14 	0.003693 	13.5537 	3.13998e-67 	1 	295 	1.15641e-46 	1.84143e+20 	0.75 	9.78449e-06
0.568488 	909.429 	7.25941 	7.91089e-14 	0.003693 	13.5537 	3.05289e-66 	1 	295 	1.12434e-45 	1.84143e+20 	0.75 	9.78449e-06
0.579249 	909.429 	7.25941 	7.63157e-14 	0.003693 	13.5537 	5.43336e-65 	1 	295 	2.00103e-44 	1.84143e+20 	0.75 	9.78449e-06
0.589624 	909.429 	7.25941 	5.86879e-14 	0.003693 	13.5537 	9.95439e-64 	1 	295 	3.66607e-43 	1.84143e+20 	0.75 	9.78449e-06
0.6 	909.429 	7.25941 	5.08915e-14 	0.003693 	13.5537 	1.16271e-62 	1 	295 	4.28209e-42 	1.84143e+20 	0.75 	9.78449e-06
0.603574 	909.429 	7.25941 	6.77362e-14 	0.003693 	13.5537 	5.46815e-62 	1 	295 	2.01384e-41 	1.84143e+20 	0.75 	9.78449e-06
0.607148 	909.429 	7.25941 	8.99951e-14 	0.003693 	13.5537 	2.54918e-61 	1 	295 	9.38827e-41 	1.84143e+20 	0.75 	9.78449e-06
0.610725 	909.429 	7.25941 	1.25276e-13 	0.003693 	13.5537 	1.80026e-60 	1 	295 	6.63012e-40 	1.84143e+20 	0.75 	9.78449e-06
0.614302 	909.429 	7.25941 	1.59667e-13 	0.003693 	13.5537 	9.29335e-60 	1 	295 	3.42262e-39 	1.84143e+20 	0.75 	9.78449e-06
0.617882 	909.429 	7.25941 	1.29625e-13 	0.003693 	13.5537 	4.5051e-59 	1 	295 	1.65917e-38 	1.84143e+20 	0.75 	9.78449e-06
0.621462 	909.429 	7.25941 	8.65493e-14 	0.003693 	13.5537 	2.16866e-58 	1 	295 	7.98687e-38 	1.84143e+20 	0.75 	9.78449e-06
0.625045 	909.429 	7.25941 	8.27826e-14 	0.003693 	13.5537 	1.03993e-57 	1 	295 	3.8299e-37 	1.84143e+20 	0.75 	9.78449e-06
0.628627 	909.429 	7.25941 	8.64669e-14 	0.003693 	13.5537 	5.00831e-57 	1 	295 	1.84449e-36 	1.84143e+20 	0.75 	9.78449e-06
0.632213 	909.429 	7.25941 	9.24652e-14 	0.003693 	13.5537 	2.62789e-56 	1 	295 	9.67817e-36 	1.84143e+20 	0.75 	9.78449e-06
0.635798 	909.429 	7.25941 	9.79603e-14 	0.003693 	13.5537 	1.24328e-55 	1 	295 	4.57882e-35 	1.84143e+20 	0.75 	9.78449e-06
0.639386 	909.429 	7.25941 	9.08738e-14 	0.003693 	13.5537 	7.84903e-55 	1 	295 	2.89069e-34 	1.84143e+20 	0.75 	9.78449e-06
0.642975 	909.429 	7.25941 	1.17784e-13 	0.003693 	13.5537 	3.98659e-54 	1 	295 	1.46821e-33 	1.84143e+20 	0.75 	9.78449e-06
0.646567 	909.429 	7.25941 	1.06209e-13 	0.003693 	13.5537 	2.20916e-53 	1 	295 	8.13602e-33 	1.84143e+20 	0.75 	9.78449e-06
0.650158 	909.429 	7.25941 	5.43827e-14 	0.003693 	13.5537 	1.13754e-52 	1 	295 	4.1894e-32 	1.84143e+20 	0.75 	9.78449e-06
0.653752 	909.429 	7.25941 	5.10415e-14 	0.003693 	13.5537 	6.04492e-52 	1 	295 	2.22627e-31 	1.84143e+20 	0.75 	9.78449e-06
0.657346 	909.429 	7.25941 	4.31722e-14 	0.003693 	13.5537 	3.10204e-51 	1 	295 	1.14244e-30 	1.84143e+20 	0.75 	9.78449e-06
0.660944 	909.429 	7.25941 	2.74441e-14 	0.003693 	13.5537 	1.92343e-50 	1 	295 	7.08374e-30 	1.84143e+20 	0.75 	9.78449e-06
0.664541 	909.429 	7.25941 	3.78343e-14 	0.003693 	13.5537 	9.81502e-50 	1 	295 	3.61474e-29 	1.84143e+20 	0.75 	9.78449e-06
0.668141 	909.429 	7.25941 	7.90025e-14 	0.003693 	13.5537 	4.7963e-49 	1 	295 	1.76641e-28 	1.84143e+20 	0.75 	9.78449e-06
0.67174 	909.429 	7.25941 	6.81934e-14 	0.003693 	13.5537 	2.35462e-48 	1 	295 	8.67175e-28 	1.84143e+20 	0.75 	9.78449e-06
0.675343 	909.429 	7.25941 	7.69474e-14 	0.003693 	13.5537 	1.17613e-47 	1 	295 	4.33151e-27 	1.84143e+20 	0.75 	9.78449e-06
0.678946 	909.429 	7.25941 	9.41012e-14 	0.003693 	13.5537 	6.00894e-47 	1 	295 	2.21301e-26 	1.84143e+20 	0.75 	9.78449e-06
0.682552 	909.429 	7.25941 	8.70195e-14 	0.003693 	13.5537 	3.03043e-46 	1 	295 	1.11606e-25 	1.84143e+20 	0.75 	9.78449e-06
0.686158 	909.429 	7.25941 	9.31623e-14 	0.003693 	13.5537 	1.42825e-45 	1 	295 	5.26003e-25 	1.84143e+20 	0.75 	9.78449e-06
0.689766 	909.429 	7.25941 	9.02074e-14 	0.003693 	13.5537 	6.7039e-45 	1 	295 	2.46895e-24 	1.84143e+20 	0.75 	9.78449e-06
0.693375 	909.429 	7.25941 	6.68853e-14 	0.003693 	13.5537 	3.34378e-44 	1 	295 	1.23147e-23 	1.84143e+20 	0.75 	9.78449e-06
0.696986 	909.429 	7.25941 	3.20211e-14 	0.003693 	13.5537 	1.94229e-43 	1 	295 	7.15319e-23 	1.84143e+20 	0.75 	9.78449e-06
0.700598 	909.429 	7.25941 	5.24689e-14 	0.003693 	13.5537 	1.04766e-42 	1 	295 	3.85838e-22 	1.84143e+20 	0.75 	9.78449e-06
0.704213 	909.429 	7.25941 	7.88943e-14 	0.003693 	13.5537 	6.18413e-42 	1 	295 	2.27753e-21 	1.84143e+20 	0.75 	9.78449e-06
0.707827 	909.429 	7.25941 	9.33413e-14 	0.003693 	13.5537 	2.86773e-41 	1 	295 	1.05615e-20 	1.84143e+20 	0.75 	9.78449e-06
0.711444 	909.429 	7.25941 	1.21408e-13 	0.003693 	13.5537 	1.28495e-40 	1 	295 	4.73229e-20 	1.84143e+20 	0.75 	9.78449e-06
0.715061 	909.429 	7.25941 	7.73152e-14 	0.003693 	13.5537 	5.80908e-40 	1 	295 	2.1394e-19 	1.84143e+20 	0.75 	9.78449e-06
0.718681 	909.429 	7.25941 	2.00784e-14 	0.003693 	13.5537 	3.53209e-39 	1 	295 	1.30082e-18 	1.84143e+20 	0.75 	9.78449e-06
0.722302 	909.429 	7.25941 	6.25716e-14 	0.003693 	13.5537 	2.40267e-38 	1 	295 	8.84872e-18 	1.84143e+20 	0.75 	9.78449e-06
0.725925 	909.429 	7.25941 	1.33515e-13 	0.003693 	13.5537 	1.82998e-37 	1 	295 	6.73956e-17 	1.84143e+20 	0.75 	9.78449e-06
0.729548 	909.429 	7.25941 	1.27356e-13 	0.003693 	13.5537 	9.17407e-37 	1 	295 	3.37869e-16 	1.84143e+20 	0.75 	9.78449e-06
0.733174 	909.429 	7.25941 	8.88004e-14 	0.003693 	13.5537 	4.19895e-36 	1 	295 	1.54642e-15 	1.84143e+20 	0.75 	9.78449e-06
0.7368 	909.429 	7.25941 	9.93592e-14 	0.003693 	13.5537 	1.83268e-35 	1 	295 	6.7495e-15 	1.84143e+20 	0.75 	9.78449e-06
0.740429 	909.429 	7.25941 	8.88e-14 	0.003693 	13.5537 	1.25826e-34 	1 	295 	4.63398e-14 	1.84143e+20 	0.75 	9.78449e-06
0.744058 	909.429 	7.25941 	7.3549e-14 	0.003693 	13.5537 	7.87403e-34 	1 	295 	2.8999e-13 	1.84143e+20 	0.75 	9.78449e-06
0.74769 	909.429 	7.25941 	7.24923e-14 	0.003693 	13.5537 	4.19083e-33 	1 	295 	1.54343e-12 	1.84143e+20 	0.75 	9.78449e-06
0.751321 	909.429 	7.25941 	5.22797e-14 	0.003693 	13.5537 	2.08625e-32 	1 	295 	7.68339e-12 	1.84143e+20 	0.75 	9.78449e-06
0.754956 	909.429 	7.25941 	5.22738e-14 	0.003693 	13.5537 	1.03177e-31 	1 	295 	3.79986e-11 	1.84143e+20 	0.75 	9.78449e-06
0.758591 	909.429 	7.25941 	7.19411e-14 	0.003693 	13.5537 	5.02508e-31 	1 	295 	1.85067e-10 	1.84143e+20 	0.75 	9.78449e-06
0.762228 	909.429 	7.25941 	6.00192e-14 	0.003693 	13.5537 	3.79365e-30 	1 	295 	1.39715e-09 	1.84143e+20 	0.75 	9.78449e-06
0.765866 	909.429 	7.25941 	6.84354e-14 	0.003693 	13.5537 	2.43407e-29 	1 	295 	8.96434e-09 	1.84143e+20 	0.75 	9.78449e-06
0.769507 	909.429 	7.25941 	1.06875e-13 	0.003693 	13.5537 	1.13992e-28 	1 	295 	4.19818e-08 	1.84143e+20 	0.75 	9.78449e-06
0.773147 	909.429 	7.25941 	7.85866e-14 	0.003693 	13.5537 	7.45013e-28 	1 	295 	2.74379e-07 	1.84143e+20 	0.75 	9.78449e-06
0.77679 	909.429 	7.25941 	7.01013e-14 	0.003693 	13.5537 	3.96596e-27 	1 	295 	1.46061e-06 	1.84143e+20 	0.75 	9.78449e-06
0.780434 	909.429 	7.25941 	8.7053e-14 	0.003693 	13.5537 	2.07246e-26 	1 	295 	7.63261e-06 	1.84143e+20 	0.75 	9.78449e-06
0.78408 	909.429 	7.25941 	5.18427e-14 	0.003693 	13.5537 	1.09483e-25 	1 	295 	4.03209e-05 	1.84143e+20 	0.75 	9.78449e-06
0.787727 	909.429 	7.25941 	7.07324e-14 	0.003693 	13.5537 	5.78564e-25 	1 	295 	0.000213077 	1.84143e+20 	0.75 	9.78449e-06
0.791376 	909.429 	7.25941 	7.14915e-14 	0.003693 	13.5537 	3.03217e-24 	1 	295 	0.0011167 	1.84143e+20 	0.75 	9.78449e-06
0.795026 	909.429 	7.25941 	4.8857e-14 	0.003693 	13.5537 	1.52744e-23 	1 	295 	0.00562534 	1.84143e+20 	0.75 	9.78449e-06
0.798678 	909.429 	7.25941 	9.62876e-14 	0.003693 	13.5537 	7.63125e-23 	1 	295 	0.0281048 	1.84143e+20 	0.75 	9.78449e-06
0.80233 	909.429 	7.25941 	1.05706e-13 	0.003693 	13.5537 	4.58775e-22 	1 	295 	0.168961 	1.84143e+20 	0.75 	9.78449e-06
0.805986 	909.429 	7.25941 	1.27855e-13 	0.003693 	13.5537 	2.09954e-21 	1 	295 	0.773231 	1.84143e+20 	0.75 	9.78449e-06
0.809641 	909.429 	7.25941 	1.72055e-13 	0.003693 	13.5537 	1.25373e-20 	1 	295 	4.61733 	1.84143e+20 	0.75 	9.78449e-06
0.813299 	909.429 	7.25941 	1.24133e-13 	0.003693 	13.5537 	6.94666e-20 	1 	295 	25.5836 	1.84143e+20 	0.75 	9.78449e-06
0.816957 	909.429 	7.25941 	7.15581e-14 	0.003693 	13.5537 	3.62953e-19 	1 	295 	133.67 	1.84143e+20 	0.75 	9.78449e-06
0.820618 	909.429 	7.25941 	6.37112e-14 	0.003693 	13.5537 	2.02544e-18 	1 	295 	745.942 	1.84143e+20 	0.75 	9.78449e-06
0.824279 	909.429 	7.25941 	4.58568e-14 	0.003693 	13.5537 	1.01564e-17 	1 	295 	3740.47 	1.84143e+20 	0.75 	9.78449e-06
0.827943 	909.429 	7.25941 	4.96317e-14 	0.003693 	13.5537 	4.86411e-17 	1 	295 	17913.9 	1.84143e+20 	0.75 	9.78449e-06
0.831607 	909.429 	7.25941 	1.06799e-13 	0.003693 	13.5537 	2.23776e-16 	1 	295 	82413.9 	1.84143e+20 	0.75 	9.78449e-06
0.835274 	909.429 	7.25941 	7.92598e-13 	0.003693 	13.5537 	1.09922e-15 	1 	295 	404826 	1.84143e+20 	0.75 	9.78449e-06
0.83894 	909.429 	7.25941 	6.60744e-12 	0.003693 	13.5537 	7.3846e-15 	1 	295 	2.71964e+06 	1.84143e+20 	0.75 	9.78449e-06
0.84261 	909.429 	7.25941 	5.19047e-11 	0.003693 	13.5537 	5.42319e-14 	1 	295 	1.99728e+07 	1.84143e+20 	0.75 	9.78449e-06
0.84628 	909.429 	7.25941 	4.30273e-10 	0.003693 	13.5537 	4.35266e-13 	1 	295 	1.60302e+08 	1.84143e+20 	0.75 	9.78449e-06
0.849953 	909.429 	7.25941 	3.40031e-09 	0.003693 	13.5537 	3.48238e-12 	1 	295 	1.28251e+09 	1.84143e+20 	0.75 	9.78449e-06
0.853626 	909.429 	7.25941 	2.82358e-08 	0.003693 	13.5537 	2.83557e-11 	1 	295 	1.0443e+10 	1.84143e+20 	0.75 	9.78449e-06
0.857301 	909.429 	7.25941 	2.23344e-07 	0.003693 	13.5537 	2.26996e-10 	1 	295 	8.35993e+10 	1.84143e+20 	0.75 	9.78449e-06
0.860977 	909.429 	7.25941 	1.86173e-06 	0.003693 	13.5537 	1.84975e-09 	1 	295 	6.81235e+11 	1.84143e+20 	0.75 	9.78449e-06
0.864656 	909.429 	7.25948 	1.47499e-05 	0.003693 	13.5537 	1.47863e-08 	1 	295.001 	5.44559e+12 	1.84143e+20 	0.750002 	9.78449e-06
0.868334 	909.429 	7.26003 	0.000122253 	0.003693 	13.5536 	1.20502e-07 	1 	295.004 	4.43793e+13 	1.84143e+20 	0.750012 	9.78449e-06
0.872016 	909.429 	7.26455 	0.000967439 	0.00369299 	13.5528 	9.68576e-07 	0.999999 	295.036 	3.56715e+14 	1.84143e+20 	0.750096 	9.78452e-06
0.875698 	909.432 	7.30027 	0.00791291 	0.00369291 	13.5467 	7.90247e-06 	0.999992 	295.289 	2.91049e+15 	1.84146e+20 	0.75076 	9.78475e-06
0.879382 	909.453 	7.60025 	0.0603022 	0.00369227 	13.4964 	6.20945e-05 	0.999938 	297.37 	2.28764e+16 	1.84171e+20 	0.756236 	9.78657e-06
0.883067 	909.595 	10.2358 	0.370227 	0.00368721 	13.1372 	0.000426793 	0.999573 	313.291 	1.57593e+17 	1.84371e+20 	0.798227 	9.80077e-06
0.886755 	910.214 	37.0415 	1.13608 	0.00365429 	11.472 	0.00201526 	0.997985 	417.271 	7.54235e+17 	1.85808e+20 	1.07695 	9.89299e-06
0.890442 	912.014 	126.621 	1.69869 	0.00351368 	8.16513 	0.00663358 	0.993366 	840.163 	2.6163e+18 	1.92702e+20 	2.2979 	1.03087e-05
0.894132 	915.756 	240.579 	1.43177 	0.00313126 	4.79336 	0.0162332 	0.983767 	1960.55 	7.36806e+18 	2.15861e+20 	6.2696 	1.16656e-05
0.897823 	920.838 	321.502 	0.962258 	0.00244273 	2.55722 	0.0292709 	0.970729 	3920.12 	1.75633e+19 	2.79703e+20 	16.9491 	1.53287e-05
0.901517 	926.675 	365.334 	0.562303 	0.00147276 	1.23874 	0.0442473 	0.955753 	6201.49 	5.12743e+19 	5.16097e+20 	51.9008 	2.87852e-05
0.90521 	933.912 	375.571 	0.195578 	0.000736159 	0.574319 	0.062815 	0.937185 	7396.88 	1.30487e+20 	9.31816e+20 	108.819 	5.29789e-05
0.908906 	941.41 	370.616 	0.0563426 	0.000509872 	0.365431 	0.0820542 	0.917945 	7411.75 	2.25247e+20 	1.24788e+21 	150.614 	7.22906e-05
0.912602 	948.534 	362.892 	0.0179047 	0.000457084 	0.312952 	0.10033 	0.899669 	7224.37 	3.04019e+20 	1.35939e+21 	165.822 	8.03088e-05
0.916301 	955.482 	354.651 	0.00880827 	0.000439165 	0.298371 	0.118158 	0.881842 	6988.67 	3.72569e+20 	1.38856e+21 	169.864 	8.368e-05
0.920001 	961.673 	347.115 	0.00738722 	0.000427752 	0.290915 	0.134042 	0.865958 	6760.32 	4.34206e+20 	1.40147e+21 	171.284 	8.60032e-05
0.923704 	967.173 	340.435 	0.00661749 	0.000418428 	0.284918 	0.148154 	0.851846 	6556.06 	4.9091e+20 	1.41049e+21 	172.066 	8.79894e-05
0.927406 	972.069 	334.513 	0.0058852 	0.000410143 	0.279413 	0.160715 	0.839285 	6375.98 	5.43536e+20 	1.4186e+21 	172.693 	8.98184e-05
0.931111 	976.443 	329.225 	0.00524711 	0.00040264 	0.27425 	0.171938 	0.828062 	6216.83 	5.92517e+20 	1.42631e+21 	173.253 	9.15294e-05
0.934816 	980.367 	324.466 	0.00469844 	0.000395819 	0.269401 	0.182007 	0.817993 	6075.48 	6.38163e+20 	1.43367e+21 	173.764 	9.3133e-05
0.938524 	983.904 	320.154 	0.00422669 	0.000389602 	0.264833 	0.191081 	0.808919 	5949.23 	6.80773e+20 	1.44067e+21 	174.232 	9.46372e-05
0.942233 	987.106 	316.222 	0.00382031 	0.000383919 	0.260513 	0.199298 	0.800702 	5835.88 	7.2062e+20 	1.44733e+21 	174.662 	9.60496e-05
0.945944 	990.019 	312.616 	0.00346915 	0.000378709 	0.256412 	0.206771 	0.793229 	5733.57 	7.57961e+20 	1.45366e+21 	175.059 	9.73778e-05
0.949655 	992.68 	309.292 	0.00316461 	0.000373915 	0.252503 	0.213598 	0.786402 	5640.76 	7.93033e+20 	1.45967e+21 	175.427 	9.86294e-05
0.953369 	995.121 	306.214 	0.00289936 	0.000369487 	0.248761 	0.219862 	0.780138 	5556.15 	8.2606e+20 	1.46541e+21 	175.77 	9.98115e-05
0.957084 	997.371 	303.352 	0.00266733 	0.000365384 	0.245167 	0.225633 	0.774367 	5478.65 	8.57232e+20 	1.47088e+21 	176.091 	0.00010093
0.960801 	999.45 	300.681 	0.00246344 	0.000361568 	0.241704 	0.230969 	0.769031 	5407.38 	8.86721e+20 	1.4761e+21 	176.393 	0.000101991
0.964518 	1001.38 	298.179 	0.0022835 	0.00035801 	0.238358 	0.23592 	0.76408 	5341.57 	9.14678e+20 	1.4811e+21 	176.678 	0.000102999
0.968238 	1003.17 	295.828 	0.00212398 	0.00035468 	0.235118 	0.240531 	0.759469 	5280.57 	9.41246e+20 	1.4859e+21 	176.947 	0.00010396
0.971958 	1004.85 	293.613 	0.00198198 	0.000351555 	0.231972 	0.244839 	0.755161 	5223.82 	9.66542e+20 	1.49049e+21 	177.202 	0.000104876
0.975681 	1006.43 	291.52 	0.00185504 	0.000348615 	0.228911 	0.248874 	0.751126 	5170.86 	9.90679e+20 	1.49492e+21 	177.445 	0.000105753
0.979404 	1007.9 	289.537 	0.00174114 	0.000345842 	0.225928 	0.252665 	0.747335 	5121.28 	1.01375e+21 	1.49918e+21 	177.677 	0.000106593
0.983131 	1009.3 	287.654 	0.00163855 	0.000343218 	0.223015 	0.256236 	0.743764 	5074.72 	1.03585e+21 	1.5033e+21 	177.899 	0.000107398
0.986857 	1010.61 	285.863 	0.00154582 	0.000340732 	0.220168 	0.259608 	0.740392 	5030.91 	1.05705e+21 	1.50727e+21 	178.112 	0.000108172
0.990586 	1011.85 	284.156 	0.00146174 	0.000338371 	0.217381 	0.262799 	0.737201 	4989.56 	1.07741e+21 	1.51113e+21 	178.317 	0.000108918
0.994315 	1013.03 	282.525 	0.00138524 	0.000336124 	0.214649 	0.265826 	0.734174 	4950.45 	1.097e+21 	1.51485e+21 	178.513 	0.000109636
0.998047 	1014.15 	280.964 	0.00131545 	0.000333982 	0.211969 	0.268702 	0.731298 	4913.38 	1.11589e+21 	1.51846e+21 	178.702 	0.00011033
1.00178 	1015.22 	279.469 	0.00125158 	0.000331935 	0.209338 	0.271441 	0.728559 	4878.16 	1.13411e+21 	1.52197e+21 	178.884 	0.000111001
1.00551 	1016.24 	278.034 	0.00119298 	0.000329979 	0.206752 	0.274052 	0.725948 	4844.66 	1.1517e+21 	1.52537e+21 	179.061 	0.000111649
1.00925 	1017.21 	276.654 	0.00113905 	0.000328103 	0.204206 	0.276549 	0.723451 	4812.68 	1.16874e+21 	1.52868e+21 	179.231 	0.000112277
1.01299 	1018.14 	275.325 	0.00108931 	0.000326302 	0.201699 	0.27894 	0.72106 	4782.13 	1.18525e+21 	1.53191e+21 	179.396 	0.000112887
1.01673 	1019.04 	274.044 	0.00104334 	0.000324572 	0.19923 	0.281231 	0.718769 	4752.91 	1.20125e+21 	1.53505e+21 	179.556 	0.000113479
1.02047 	1019.9 	272.809 	0.00100077 	0.000322908 	0.196798 	0.28343 	0.71657 	4724.93 	1.21677e+21 	1.5381e+21 	179.711 	0.000114054
1.02421 	1020.72 	271.616 	0.000961262 	0.000321306 	0.1944 	0.285543 	0.714457 	4698.09 	1.23185e+21 	1.54109e+21 	179.862 	0.000114613
1.02795 	1021.51 	270.461 	0.000924515 	0.000319761 	0.192033 	0.287578 	0.712422 	4672.3 	1.24651e+21 	1.54399e+21 	180.009 	0.000115157
1.0317 	1022.28 	269.342 	0.000890274 	0.000318268 	0.189695 	0.289541 	0.710459 	4647.45 	1.2608e+21 	1.54683e+21 	180.151 	0.000115688
1.03545 	1023.02 	268.257 	0.000858321 	0.000316825 	0.187386 	0.291435 	0.708565 	4623.53 	1.27473e+21 	1.54961e+21 	180.289 	0.000116206
1.03919 	1023.73 	267.207 	0.000828455 	0.000315432 	0.185107 	0.293263 	0.706737 	4600.48 	1.28829e+21 	1.55231e+21 	180.424 	0.00011671
1.04294 	1024.42 	266.186 	0.000800484 	0.000314082 	0.182853 	0.295032 	0.704968 	4578.22 	1.30153e+21 	1.55496e+21 	180.555 	0.000117202
1.04669 	1025.09 	265.193 	0.000774247 	0.000312773 	0.180624 	0.296746 	0.703254 	4556.7 	1.31446e+21 	1.55755e+21 	180.683 	0.000117683
1.05044 	1025.73 	264.226 	0.000749601 	0.000311503 	0.178419 	0.298408 	0.701592 	4535.87 	1.32711e+21 	1.56008e+21 	180.808 	0.000118153
1.0542 	1026.36 	263.284 	0.000726413 	0.000310269 	0.176237 	0.300022 	0.699978 	4515.68 	1.33949e+21 	1.56257e+21 	180.93 	0.000118614
1.05795 	1026.97 	262.367 	0.000704578 	0.000309072 	0.174078 	0.301588 	0.698412 	4496.13 	1.3516e+21 	1.56499e+21 	181.048 	0.000119065
1.06171 	1027.57 	261.472 	0.000683981 	0.000307908 	0.17194 	0.303112 	0.696888 	4477.14 	1.36346e+21 	1.56736e+21 	181.164 	0.000119506
1.06547 	1028.14 	260.599 	0.000664539 	0.000306775 	0.169821 	0.304596 	0.695404 	4458.71 	1.37509e+21 	1.56968e+21 	181.277 	0.000119938
1.06923 	1028.71 	259.746 	0.000646171 	0.000305672 	0.167724 	0.30604 	0.69396 	4440.8 	1.38649e+21 	1.57196e+21 	181.387 	0.000120362
1.07299 	1029.26 	258.912 	0.000628815 	0.000304598 	0.165648 	0.307448 	0.692552 	4423.38 	1.39768e+21 	1.57419e+21 	181.495 	0.000120778
1.07675 	1029.79 	258.096 	0.000612439 	0.000303551 	0.163589 	0.308821 	0.691179 	4406.42 	1.40867e+21 	1.57637e+21 	181.601 	0.000121186
1.08052 	1030.32 	257.297 	0.000597042 	0.000302528 	0.161548 	0.310163 	0.689837 	4389.88 	1.41947e+21 	1.57852e+21 	181.704 	0.000121587
1.08428 	1030.83 	256.515 	0.000582645 	0.00030153 	0.159526 	0.311472 	0.688528 	4373.77 	1.43008e+21 	1.58062e+21 	181.805 	0.000121981
1.08805 	1031.32 	255.749 	0.000569144 	0.000300555 	0.157519 	0.312753 	0.687247 	4358.02 	1.44052e+21 	1.5827e+21 	181.903 	0.000122368
1.09182 	1031.81 	254.997 	0.000555965 	0.0002996 	0.155531 	0.314005 	0.685995 	4342.63 	1.4508e+21 	1.58474e+21 	182 	0.00012275
1.09559 	1032.29 	254.26 	0.000541102 	0.000298667 	0.15356 	0.31523 	0.68477 	4327.61 	1.46091e+21 	1.58675e+21 	182.094 	0.000123125
1.09936 	1032.85 	253.403 	0.000524277 	0.000297592 	0.151237 	0.316655 	0.683345 	4310.31 	1.4727e+21 	1.58904e+21 	182.204 	0.00012356
1.10691 	1033.66 	252.138 	0.000504855 	0.000296013 	0.147745 	0.318753 	0.681247 	4284.91 	1.4902e+21 	1.59242e+21 	182.364 	0.000124205
1.11446 	1034.53 	250.784 	0.000486061 	0.000294325 	0.143938 	0.320985 	0.679015 	4257.81 	1.50905e+21 	1.5961e+21 	182.536 	0.000124901
1.12202 	1035.37 	249.475 	0.000467697 	0.000292697 	0.140185 	0.323129 	0.676871 	4231.73 	1.52738e+21 	1.59971e+21 	182.7 	0.00012558
1.12959 	1036.17 	248.209 	0.000450468 	0.000291126 	0.136488 	0.32519 	0.67481 	4206.61 	1.54523e+21 	1.60325e+21 	182.857 	0.000126242
1.13716 	1036.95 	246.984 	0.000434453 	0.00028961 	0.132846 	0.327173 	0.672827 	4182.41 	1.5626e+21 	1.60671e+21 	183.008 	0.000126887
1.14474 	1037.69 	245.798 	0.000419559 	0.000288145 	0.129256 	0.32908 	0.67092 	4159.04 	1.57951e+21 	1.61011e+21 	183.153 	0.000127517
1.15232 	1038.4 	244.648 	0.000405668 	0.000286726 	0.12572 	0.330917 	0.669083 	4136.46 	1.596e+21 	1.61347e+21 	183.291 	0.000128134
1.15992 	1039.1 	243.533 	0.000392645 	0.00028535 	0.122235 	0.332687 	0.667313 	4114.58 	1.6121e+21 	1.61679e+21 	183.425 	0.000128738
1.16751 	1039.76 	242.452 	0.000380402 	0.000284016 	0.118805 	0.33439 	0.66561 	4093.41 	1.62779e+21 	1.62005e+21 	183.552 	0.000129328
1.17512 	1040.4 	241.402 	0.00036885 	0.00028272 	0.115428 	0.336033 	0.663967 	4072.88 	1.6431e+21 	1.62329e+21 	183.675 	0.000129908
1.18272 	1041.01 	240.384 	0.000357966 	0.000281462 	0.112107 	0.337616 	0.662384 	4052.96 	1.65805e+21 	1.62649e+21 	183.792 	0.000130474
1.19034 	1041.61 	239.394 	0.000347716 	0.000280237 	0.108838 	0.339142 	0.660858 	4033.61 	1.67266e+21 	1.62967e+21 	183.905 	0.000131031
1.19796 	1042.18 	238.432 	0.000338106 	0.000279044 	0.105623 	0.340615 	0.659385 	4014.79 	1.68693e+21 	1.63282e+21 	184.014 	0.000131578
1.20559 	1042.74 	237.497 	0.00032914 	0.000277882 	0.102461 	0.342035 	0.657965 	3996.48 	1.70089e+21 	1.63596e+21 	184.118 	0.000132116
1.21322 	1043.27 	236.586 	0.000320847 	0.000276748 	0.0993511 	0.343406 	0.656594 	3978.64 	1.71454e+21 	1.63909e+21 	184.218 	0.000132645
1.22086 	1043.79 	235.698 	0.000313248 	0.000275639 	0.0962881 	0.344731 	0.655269 	3961.23 	1.72792e+21 	1.64221e+21 	184.314 	0.000133166
1.22851 	1044.29 	234.832 	0.000306361 	0.000274555 	0.0932694 	0.346012 	0.653988 	3944.2 	1.74104e+21 	1.64533e+21 	184.406 	0.00013368
1.23616 	1044.77 	233.986 	0.000300187 	0.000273492 	0.0902934 	0.347254 	0.652746 	3927.53 	1.75392e+21 	1.64845e+21 	184.494 	0.000134188
1.24382 	1045.24 	233.157 	0.000294711 	0.000272448 	0.0873546 	0.348459 	0.651541 	3911.17 	1.7666e+21 	1.65157e+21 	184.578 	0.000134691
1.25148 	1045.7 	232.343 	0.000289904 	0.000271423 	0.0844503 	0.349633 	0.650367 	3895.09 	1.7791e+21 	1.65468e+21 	184.659 	0.000135188
1.25915 	1046.15 	231.541 	0.000285721 	0.000270413 	0.0815749 	0.350784 	0.649216 	3879.24 	1.79147e+21 	1.65779e+21 	184.737 	0.000135682
1.26683 	1046.59 	230.748 	0.000282108 	0.000269418 	0.0787247 	0.351915 	0.648085 	3863.6 	1.80374e+21 	1.66087e+21 	184.811 	0.000136172
1.27451 	1047.02 	229.962 	0.000279008 	0.000268437 	0.0758986 	0.353034 	0.646966 	3848.14 	1.81594e+21 	1.66393e+21 	184.882 	0.000136658
1.2822 	1047.46 	229.18 	0.000276366 	0.000267469 	0.0730922 	0.354147 	0.645853 	3832.83 	1.82811e+21 	1.66694e+21 	184.95 	0.000137142
1.28989 	1047.89 	228.401 	0.00027414 	0.000266514 	0.0703048 	0.355258 	0.644742 	3817.66 	1.84027e+21 	1.6699e+21 	185.015 	0.000137622
1.29759 	1048.33 	227.621 	0.000272318 	0.000265569 	0.0675324 	0.356372 	0.643628 	3802.59 	1.85245e+21 	1.67281e+21 	185.077 	0.0001381
1.3053 	1048.76 	226.84 	0.000270933 	0.000264634 	0.0647734 	0.357492 	0.642508 	3787.59 	1.86469e+21 	1.67566e+21 	185.135 	0.000138577
1.31301 	1049.2 	226.057 	0.00027008 	0.000263708 	0.0620283 	0.358618 	0.641382 	3772.66 	1.87697e+21 	1.67846e+21 	185.191 	0.000139052
1.32073 	1049.64 	225.272 	0.000269968 	0.000262786 	0.0592941 	0.359747 	0.640253 	3757.75 	1.88932e+21 	1.68123e+21 	185.245 	0.000139527
1.32846 	1050.08 	224.485 	0.000270986 	0.000261865 	0.0565694 	0.360874 	0.639126 	3742.81 	1.90175e+21 	1.68403e+21 	185.295 	0.000140006
1.33619 	1050.51 	223.697 	0.000273776 	0.000260938 	0.0538552 	0.361988 	0.638012 	3727.78 	1.91424e+21 	1.68693e+21 	185.343 	0.000140492
1.34393 	1050.94 	222.91 	0.000279316 	0.000259993 	0.0511491 	0.363076 	0.636924 	3712.52 	1.9268e+21 	1.69004e+21 	185.388 	0.000140991
1.35167 	1051.34 	222.123 	0.00028901 	0.000259014 	0.0484514 	0.364117 	0.635883 	3696.88 	1.93947e+21 	1.69351e+21 	185.43 	0.000141512
1.35942 	1051.72 	221.336 	0.0003048 	0.000257977 	0.0457594 	0.365087 	0.634913 	3680.54 	1.95231e+21 	1.69759e+21 	185.47 	0.00014207
1.36718 	1052.06 	220.546 	0.000329303 	0.000256851 	0.0430723 	0.365957 	0.634043 	3663.12 	1.96541e+21 	1.70259e+21 	185.508 	0.000142684
1.37494 	1052.35 	219.747 	0.00036598 	0.000255588 	0.0403907 	0.36669 	0.63331 	3644.07 	1.97897e+21 	1.70893e+21 	185.543 	0.000143381
1.38271 	1052.57 	218.926 	0.000419369 	0.000254127 	0.0377114 	0.367248 	0.632752 	3622.56 	1.9933e+21 	1.71717e+21 	185.577 	0.0001442
1.39049 	1052.7 	218.061 	0.000498963 	0.000252385 	0.0350331 	0.367589 	0.632411 	3597.54 	2.00886e+21 	1.72805e+21 	185.608 	0.000145191
1.39827 	1052.73 	217.119 	0.000615249 	0.000250257 	0.0323547 	0.367675 	0.632325 	3567.57 	2.02642e+21 	1.74252e+21 	185.638 	0.000146426
1.40606 	1052.66 	216.043 	0.000774647 	0.000247604 	0.0296746 	0.36748 	0.63252 	3530.74 	2.04711e+21 	1.76178e+21 	185.666 	0.000148
1.41385 	1052.46 	214.764 	0.000985121 	0.000244249 	0.0269964 	0.366961 	0.633039 	3484.62 	2.07242e+21 	1.78757e+21 	185.695 	0.000150042
1.42165 	1052.12 	213.183 	0.00125658 	0.000239974 	0.0243174 	0.366085 	0.633915 	3426.12 	2.10452e+21 	1.82214e+21 	185.724 	0.000152732
1.42946 	1051.64 	211.159 	0.00159622 	0.000234525 	0.0216466 	0.364858 	0.635142 	3351.59 	2.14653e+21 	1.8684e+21 	185.757 	0.000156306
1.43727 	1051.03 	208.524 	0.00200347 	0.000227633 	0.0190088 	0.36329 	0.63671 	3257.08 	2.2025e+21 	1.93019e+21 	185.793 	0.000161076
1.44509 	1050.29 	205.105 	0.00242734 	0.000219047 	0.0164987 	0.361404 	0.638596 	3139.05 	2.27765e+21 	2.01248e+21 	185.85 	0.000167446
1.45292 	1049.52 	201.223 	0.00292313 	0.0002098 	0.0141312 	0.359444 	0.640556 	3010.28 	2.36533e+21 	2.10775e+21 	185.839 	0.000174837
1.45683 	1048.99 	198.058 	0.00347683 	0.000202623 	0.0122956 	0.358055 	0.641945 	2909.68 	2.4397e+21 	2.18713e+21 	185.821 	0.000181031
1.46075 	1048.5 	194.691 	0.00398937 	0.000195264 	0.0107998 	0.356818 	0.643182 	2807.03 	2.52343e+21 	2.27443e+21 	185.87 	0.000187894
1.46467 	1048.05 	191.23 	0.00442234 	0.000187991 	0.00956459 	0.355674 	0.644326 	2704.33 	2.61259e+21 	2.36653e+21 	185.854 	0.000195156
1.46663 	1047.74 	188.547 	0.00487238 	0.000182507 	0.0085408 	0.354868 	0.645132 	2626.49 	2.68488e+21 	2.44054e+21 	185.83 	0.000201009
1.46859 	1047.48 	186.074 	0.00528007 	0.000177517 	0.00770865 	0.354195 	0.645805 	2556.15 	2.75535e+21 	2.51197e+21 	185.853 	0.000206677
1.47055 	1047.22 	183.39 	0.00561478 	0.000172194 	0.00700819 	0.353512 	0.646488 	2480.84 	2.83531e+21 	2.59261e+21 	185.869 	0.000213086
1.47251 	1046.95 	180.502 	0.0059471 	0.00016655 	0.00635187 	0.35282 	0.64718 	2400.84 	2.92592e+21 	2.6836e+21 	185.885 	0.000220328
1.47447 	1046.67 	177.407 	0.00628819 	0.00016058 	0.00572636 	0.352119 	0.647881 	2316.06 	3.02901e+21 	2.7867e+21 	185.901 	0.000228546
1.47643 	1046.39 	174.096 	0.00663728 	0.000154274 	0.00514028 	0.351411 	0.648589 	2226.33 	3.14688e+21 	2.90415e+21 	185.916 	0.000237918
1.47839 	1046.12 	170.569 	0.00692833 	0.000147626 	0.00467093 	0.350697 	0.649303 	2131.64 	3.28237e+21 	3.03871e+21 	185.936 	0.000248667
1.48035 	1045.87 	167.256 	0.00721507 	0.00014148 	0.00420494 	0.350057 	0.649943 	2043.44 	3.41828e+21 	3.17339e+21 	185.905 	0.000259435
1.48134 	1045.69 	164.843 	0.00758132 	0.000137051 	0.00370964 	0.349615 	0.650385 	1979.71 	3.52385e+21 	3.27773e+21 	185.872 	0.000267783
1.48232 	1045.55 	162.763 	0.00792315 	0.000133233 	0.00330895 	0.349254 	0.650746 	1925.17 	3.62129e+21 	3.37372e+21 	185.887 	0.000275472
1.4833 	1045.41 	160.596 	0.00819233 	0.000129291 	0.00300549 	0.348893 	0.651107 	1868.78 	3.72804e+21 	3.47869e+21 	185.899 	0.000283886
1.48428 	1045.27 	158.328 	0.00846488 	0.000125209 	0.00273322 	0.348532 	0.651468 	1810.32 	3.84583e+21 	3.59432e+21 	185.909 	0.000293159
1.48527 	1045.13 	155.949 	0.00875265 	0.00012098 	0.00247545 	0.34817 	0.65183 	1749.69 	3.97639e+21 	3.72226e+21 	185.92 	0.000303426
1.48625 	1044.99 	153.454 	0.00906351 	0.000116617 	0.00222572 	0.347811 	0.652189 	1687.11 	4.12117e+21 	3.86391e+21 	185.93 	0.0003148
1.48723 	1044.85 	150.82 	0.00940209 	0.000112109 	0.00198387 	0.347454 	0.652546 	1622.39 	4.28287e+21 	4.02184e+21 	185.944 	0.000327487
1.48821 	1044.71 	148 	0.00976877 	0.000107418 	0.00175622 	0.347099 	0.652901 	1555.02 	4.46577e+21 	4.20019e+21 	185.961 	0.000341823
1.4892 	1044.57 	144.945 	0.0101699 	0.00010253 	0.00154586 	0.346744 	0.653256 	1484.77 	4.67443e+21 	4.40332e+21 	185.981 	0.00035816
1.49018 	1044.44 	141.604 	0.0106197 	9.74522e-05 	0.00134847 	0.346395 	0.653605 	1411.74 	4.91372e+21 	4.63589e+21 	186.003 	0.000376875
1.49116 	1044.31 	137.88 	0.0111285 	9.21587e-05 	0.0011691 	0.346051 	0.653949 	1335.58 	5.19174e+21 	4.90565e+21 	186.034 	0.000398595
1.49214 	1044.18 	133.61 	0.0117026 	8.65954e-05 	0.00102503 	0.345712 	0.654288 	1255.53 	5.52123e+21 	5.22483e+21 	186.076 	0.000424309
1.49313 	1044.04 	128.591 	0.0123299 	8.07287e-05 	0.000959824 	0.345378 	0.654622 	1171.15 	5.91868e+21 	5.60922e+21 	186.145 	0.000455292
1.49411 	1043.92 	122.57 	0.0128477 	7.45716e-05 	0.00126047 	0.345056 	0.654944 	1082.64 	6.40401e+21 	6.07786e+21 	186.244 	0.000493088
1.49509 	1043.81 	116.254 	0.0134353 	6.90172e-05 	0.00141399 	0.344783 	0.655217 	1001.58 	6.91017e+21 	6.56608e+21 	186.123 	0.000532477
1.49558 	1043.74 	110.845 	0.0143387 	6.48586e-05 	0.000908661 	0.344595 	0.655405 	940.569 	7.34589e+21 	6.98584e+21 	185.975 	0.000566357
1.49607 	1043.68 	105.638 	0.0152703 	6.12405e-05 	0.000457824 	0.34445 	0.65555 	888.458 	7.77811e+21 	7.40164e+21 	186.032 	0.000599934
1.49656 	1043.63 	99.5034 	0.0161284 	5.74039e-05 	0.000348373 	0.34431 	0.65569 	833.184 	8.29686e+21 	7.90021e+21 	186.101 	0.000640208
1.49706 	1043.57 	92.2465 	0.017103 	5.33381e-05 	0.000365767 	0.344174 	0.655826 	774.532 	8.92893e+21 	8.50718e+21 	186.171 	0.000689252
1.49755 	1043.53 	83.7011 	0.0183272 	4.90443e-05 	0.000431918 	0.344047 	0.655953 	712.583 	9.71196e+21 	9.25845e+21 	186.262 	0.000749974
1.49804 	1043.48 	73.6204 	0.0199112 	4.44599e-05 	0.00061237 	0.343929 	0.656071 	646.554 	1.07187e+22 	1.02236e+22 	186.416 	0.000828004
1.49853 	1043.44 	61.8146 	0.0220619 	3.94828e-05 	0.00113736 	0.343823 	0.656177 	574.998 	1.20842e+22 	1.15314e+22 	186.676 	0.000933769
1.49902 	1043.4 	48.6251 	0.0248538 	3.39844e-05 	0.00286533 	0.343733 	0.656267 	496.143 	1.40773e+22 	1.34387e+22 	187.139 	0.00108807
1.49951 	1043.37 	36.1181 	0.0290502 	2.78863e-05 	0.00480916 	0.343666 	0.656334 	406.087 	1.72547e+22 	1.64768e+22 	186.529 	0.00133392
