0 	909.429 	7.25941 	2.10911e-12 	0.003693 	13.5537 	5.92097e-86 	1 	295 	295 	2.18061e-65 	1.84143e+20 	0.75 	9.78449e-06 	16861.5
0.041502 	909.429 	7.25941 	1.97693e-12 	0.003693 	13.5537 	4.01655e-85 	1 	295 	295 	1.47924e-64 	1.84143e+20 	0.75 	9.78449e-06 	16861.5
0.0815173 	909.429 	7.25941 	1.27601e-12 	0.003693 	13.5537 	6.49855e-85 	1 	295 	295 	2.39333e-64 	1.84143e+20 	0.75 	9.78449e-06 	16861.5
0.120099 	909.429 	7.25941 	7.75494e-13 	0.003693 	13.5537 	9.37397e-85 	1 	295 	295 	3.45231e-64 	1.84143e+20 	0.75 	9.78449e-06 	16861.5
0.157299 	909.429 	7.25941 	1.01478e-12 	0.003693 	13.5537 	1.37767e-84 	1 	295 	295 	5.07378e-64 	1.84143e+20 	0.75 	9.78449e-06 	16861.5
0.193166 	909.429 	7.25941 	1.04649e-12 	0.003693 	13.5537 	1.32841e-83 	1 	295 	295 	4.89237e-63 	1.84143e+20 	0.75 	9.78449e-06 	16861.5
0.227748 	909.429 	7.25941 	1.12401e-12 	0.003693 	13.5537 	5.71288e-82 	1 	295 	295 	2.10397e-61 	1.84143e+20 	0.75 	9.78449e-06 	16861.5
0.261091 	909.429 	7.25941 	1.1265e-12 	0.003693 	13.5537 	2.19479e-80 	1 	295 	295 	8.08312e-60 	1.84143e+20 	0.75 	9.78449e-06 	16861.5
0.29324 	909.429 	7.25941 	8.30776e-13 	0.003693 	13.5537 	7.24828e-79 	1 	295 	295 	2.66944e-58 	1.84143e+20 	0.75 	9.78449e-06 	16861.5
0.324237 	909.429 	7.25941 	4.94872e-13 	0.003693 	13.5537 	2.45883e-77 	1 	295 	295 	9.05554e-57 	1.84143e+20 	0.75 	9.78449e-06 	16861.5
0.354123 	909.429 	7.25941 	3.1868e-13 	0.003693 	13.5537 	1.16088e-75 	1 	295 	295 	4.27535e-55 	1.84143e+20 	0.75 	9.78449e-06 	16861.5
0.382939 	909.429 	7.25941 	1.68234e-13 	0.003693 	13.5537 	3.98704e-74 	1 	295 	295 	1.46837e-53 	1.84143e+20 	0.75 	9.78449e-06 	16861.5
0.410723 	909.429 	7.25941 	3.33467e-13 	0.003693 	13.5537 	1.28459e-72 	1 	295 	295 	4.73096e-52 	1.84143e+20 	0.75 	9.78449e-06 	16861.5
0.437511 	909.429 	7.25941 	5.01599e-13 	0.003693 	13.5537 	3.88849e-71 	1 	295 	295 	1.43208e-50 	1.84143e+20 	0.75 	9.78449e-06 	16861.5
0.46334 	909.429 	7.25941 	3.31858e-13 	0.003693 	13.5537 	1.12509e-69 	1 	295 	295 	4.14355e-49 	1.84143e+20 	0.75 	9.78449e-06 	16861.5
0.488243 	909.429 	7.25941 	3.67508e-13 	0.003693 	13.5537 	3.0649e-68 	1 	295 	295 	1.12876e-47 	1.84143e+20 	0.75 	9.78449e-06 	16861.5
0.512254 	909.429 	7.25941 	3.21889e-13 	0.003693 	13.5537 	8.45923e-67 	1 	295 	295 	3.11542e-46 	1.84143e+20 	0.75 	9.78449e-06 	16861.5
0.535405 	909.429 	7.25941 	1.7567e-13 	0.003693 	13.5537 	2.24023e-65 	1 	295 	295 	8.25046e-45 	1.84143e+20 	0.75 	9.78449e-06 	16861.5
0.557727 	909.429 	7.25941 	2.2542e-13 	0.003693 	13.5537 	5.28449e-64 	1 	295 	295 	1.94621e-43 	1.84143e+20 	0.75 	9.78449e-06 	16861.5
0.568488 	909.429 	7.25941 	1.47771e-13 	0.003693 	13.5537 	5.65502e-63 	1 	295 	295 	2.08266e-42 	1.84143e+20 	0.75 	9.78449e-06 	16861.5
0.579249 	909.429 	7.25941 	1.86877e-13 	0.003693 	13.5537 	8.10857e-62 	1 	295 	295 	2.98627e-41 	1.84143e+20 	0.75 	9.78449e-06 	16861.5
0.589624 	909.429 	7.25941 	4.03569e-13 	0.003693 	13.5537 	9.6844e-61 	1 	295 	295 	3.56663e-40 	1.84143e+20 	0.75 	9.78449e-06 	16861.5
0.6 	909.429 	7.25941 	5.24404e-13 	0.003693 	13.5537 	1.20558e-59 	1 	295 	295 	4.44e-39 	1.84143e+20 	0.75 	9.78449e-06 	16861.5
0.603574 	909.429 	7.25941 	5.73457e-13 	0.003693 	13.5537 	5.68523e-59 	1 	295 	295 	2.09379e-38 	1.84143e+20 	0.75 	9.78449e-06 	16861.5
0.607148 	909.429 	7.25941 	6.1851e-13 	0.003693 	13.5537 	2.7385e-58 	1 	295 	295 	1.00855e-37 	1.84143e+20 	0.75 	9.78449e-06 	16861.5
0.610725 	909.429 	7.25941 	7.5168e-13 	0.003693 	13.5537 	1.33066e-57 	1 	295 	295 	4.90062e-37 	1.84143e+20 	0.75 	9.78449e-06 	16861.5
0.614302 	909.429 	7.25941 	8.5811e-13 	0.003693 	13.5537 	6.31245e-57 	1 	295 	295 	2.32479e-36 	1.84143e+20 	0.75 	9.78449e-06 	16861.5
0.617882 	909.429 	7.25941 	5.03411e-13 	0.003693 	13.5537 	2.96437e-56 	1 	295 	295 	1.09174e-35 	1.84143e+20 	0.75 	9.78449e-06 	16861.5
0.621462 	909.429 	7.25941 	3.42192e-13 	0.003693 	13.5537 	1.38297e-55 	1 	295 	295 	5.0933e-35 	1.84143e+20 	0.75 	9.78449e-06 	16861.5
0.625045 	909.429 	7.25941 	3.59547e-13 	0.003693 	13.5537 	6.38468e-55 	1 	295 	295 	2.35138e-34 	1.84143e+20 	0.75 	9.78449e-06 	16861.5
0.628627 	909.429 	7.25941 	2.32516e-13 	0.003693 	13.5537 	2.93357e-54 	1 	295 	295 	1.08039e-33 	1.84143e+20 	0.75 	9.78449e-06 	16861.5
0.632213 	909.429 	7.25941 	2.08342e-13 	0.003693 	13.5537 	1.44628e-53 	1 	295 	295 	5.32643e-33 	1.84143e+20 	0.75 	9.78449e-06 	16861.5
0.635798 	909.429 	7.25941 	2.65966e-13 	0.003693 	13.5537 	8.50934e-53 	1 	295 	295 	3.13388e-32 	1.84143e+20 	0.75 	9.78449e-06 	16861.5
0.639386 	909.429 	7.25941 	4.43168e-13 	0.003693 	13.5537 	4.80265e-52 	1 	295 	295 	1.76875e-31 	1.84143e+20 	0.75 	9.78449e-06 	16861.5
0.642975 	909.429 	7.25941 	4.06437e-13 	0.003693 	13.5537 	2.70828e-51 	1 	295 	295 	9.9742e-31 	1.84143e+20 	0.75 	9.78449e-06 	16861.5
0.646567 	909.429 	7.25941 	2.71509e-13 	0.003693 	13.5537 	1.52366e-50 	1 	295 	295 	5.61142e-30 	1.84143e+20 	0.75 	9.78449e-06 	16861.5
0.650158 	909.429 	7.25941 	2.92098e-13 	0.003693 	13.5537 	7.8992e-50 	1 	295 	295 	2.90917e-29 	1.84143e+20 	0.75 	9.78449e-06 	16861.5
0.653752 	909.429 	7.25941 	3.26345e-13 	0.003693 	13.5537 	3.9985e-49 	1 	295 	295 	1.47259e-28 	1.84143e+20 	0.75 	9.78449e-06 	16861.5
0.657346 	909.429 	7.25941 	2.36047e-13 	0.003693 	13.5537 	2.02365e-48 	1 	295 	295 	7.45284e-28 	1.84143e+20 	0.75 	9.78449e-06 	16861.5
0.660944 	909.429 	7.25941 	2.65186e-13 	0.003693 	13.5537 	1.01791e-47 	1 	295 	295 	3.74884e-27 	1.84143e+20 	0.75 	9.78449e-06 	16861.5
0.664541 	909.429 	7.25941 	2.61538e-13 	0.003693 	13.5537 	5.03408e-47 	1 	295 	295 	1.85398e-26 	1.84143e+20 	0.75 	9.78449e-06 	16861.5
0.668141 	909.429 	7.25941 	4.7973e-13 	0.003693 	13.5537 	2.47948e-46 	1 	295 	295 	9.13159e-26 	1.84143e+20 	0.75 	9.78449e-06 	16861.5
0.67174 	909.429 	7.25941 	1.19904e-12 	0.003693 	13.5537 	1.21098e-45 	1 	295 	295 	4.45988e-25 	1.84143e+20 	0.75 	9.78449e-06 	16861.5
0.675343 	909.429 	7.25941 	1.39064e-12 	0.003693 	13.5537 	5.92081e-45 	1 	295 	295 	2.18055e-24 	1.84143e+20 	0.75 	9.78449e-06 	16861.5
0.678946 	909.429 	7.25941 	7.41382e-13 	0.003693 	13.5537 	2.91075e-44 	1 	295 	295 	1.07199e-23 	1.84143e+20 	0.75 	9.78449e-06 	16861.5
0.682552 	909.429 	7.25941 	4.44455e-13 	0.003693 	13.5537 	1.44708e-43 	1 	295 	295 	5.3294e-23 	1.84143e+20 	0.75 	9.78449e-06 	16861.5
0.686158 	909.429 	7.25941 	4.843e-13 	0.003693 	13.5537 	7.15093e-43 	1 	295 	295 	2.6336e-22 	1.84143e+20 	0.75 	9.78449e-06 	16861.5
0.689766 	909.429 	7.25941 	2.39981e-13 	0.003693 	13.5537 	3.55654e-42 	1 	295 	295 	1.30982e-21 	1.84143e+20 	0.75 	9.78449e-06 	16861.5
0.693375 	909.429 	7.25941 	1.44353e-13 	0.003693 	13.5537 	1.7879e-41 	1 	295 	295 	6.5846e-21 	1.84143e+20 	0.75 	9.78449e-06 	16861.5
0.696986 	909.429 	7.25941 	1.71873e-13 	0.003693 	13.5537 	8.95938e-41 	1 	295 	295 	3.29961e-20 	1.84143e+20 	0.75 	9.78449e-06 	16861.5
0.700598 	909.429 	7.25941 	2.3676e-13 	0.003693 	13.5537 	4.04459e-40 	1 	295 	295 	1.48957e-19 	1.84143e+20 	0.75 	9.78449e-06 	16861.5
0.704213 	909.429 	7.25941 	2.83685e-13 	0.003693 	13.5537 	2.28382e-39 	1 	295 	295 	8.41098e-19 	1.84143e+20 	0.75 	9.78449e-06 	16861.5
0.707827 	909.429 	7.25941 	1.96434e-13 	0.003693 	13.5537 	1.09904e-38 	1 	295 	295 	4.04763e-18 	1.84143e+20 	0.75 	9.78449e-06 	16861.5
0.711444 	909.429 	7.25941 	1.77471e-13 	0.003693 	13.5537 	5.2481e-38 	1 	295 	295 	1.9328e-17 	1.84143e+20 	0.75 	9.78449e-06 	16861.5
0.715061 	909.429 	7.25941 	3.64941e-13 	0.003693 	13.5537 	2.75615e-37 	1 	295 	295 	1.01506e-16 	1.84143e+20 	0.75 	9.78449e-06 	16861.5
0.718681 	909.429 	7.25941 	6.21383e-13 	0.003693 	13.5537 	1.40985e-36 	1 	295 	295 	5.1923e-16 	1.84143e+20 	0.75 	9.78449e-06 	16861.5
0.722302 	909.429 	7.25941 	6.22572e-13 	0.003693 	13.5537 	7.84856e-36 	1 	295 	295 	2.89053e-15 	1.84143e+20 	0.75 	9.78449e-06 	16861.5
0.725925 	909.429 	7.25941 	3.45733e-13 	0.003693 	13.5537 	3.86443e-35 	1 	295 	295 	1.42322e-14 	1.84143e+20 	0.75 	9.78449e-06 	16861.5
0.729548 	909.429 	7.25941 	2.26523e-13 	0.003693 	13.5537 	1.87336e-34 	1 	295 	295 	6.89933e-14 	1.84143e+20 	0.75 	9.78449e-06 	16861.5
0.733174 	909.429 	7.25941 	3.89779e-13 	0.003693 	13.5537 	9.27107e-34 	1 	295 	295 	3.4144e-13 	1.84143e+20 	0.75 	9.78449e-06 	16861.5
0.7368 	909.429 	7.25941 	4.28661e-13 	0.003693 	13.5537 	4.69721e-33 	1 	295 	295 	1.72992e-12 	1.84143e+20 	0.75 	9.78449e-06 	16861.5
0.740429 	909.429 	7.25941 	3.26296e-13 	0.003693 	13.5537 	2.39745e-32 	1 	295 	295 	8.82949e-12 	1.84143e+20 	0.75 	9.78449e-06 	16861.5
0.744058 	909.429 	7.25941 	2.84944e-13 	0.003693 	13.5537 	1.20818e-31 	1 	295 	295 	4.44956e-11 	1.84143e+20 	0.75 	9.78449e-06 	16861.5
0.74769 	909.429 	7.25941 	3.0897e-13 	0.003693 	13.5537 	5.89574e-31 	1 	295 	295 	2.17132e-10 	1.84143e+20 	0.75 	9.78449e-06 	16861.5
0.751321 	909.429 	7.25941 	4.28155e-13 	0.003693 	13.5537 	2.79205e-30 	1 	295 	295 	1.02827e-09 	1.84143e+20 	0.75 	9.78449e-06 	16861.5
0.754956 	909.429 	7.25941 	3.26948e-13 	0.003693 	13.5537 	1.33376e-29 	1 	295 	295 	4.91206e-09 	1.84143e+20 	0.75 	9.78449e-06 	16861.5
0.758591 	909.429 	7.25941 	3.01368e-13 	0.003693 	13.5537 	6.89104e-29 	1 	295 	295 	2.53788e-08 	1.84143e+20 	0.75 	9.78449e-06 	16861.5
0.762228 	909.429 	7.25941 	6.4953e-13 	0.003693 	13.5537 	3.24126e-28 	1 	295 	295 	1.19371e-07 	1.84143e+20 	0.75 	9.78449e-06 	16861.5
0.765866 	909.429 	7.25941 	6.42867e-13 	0.003693 	13.5537 	1.7437e-27 	1 	295 	295 	6.42181e-07 	1.84143e+20 	0.75 	9.78449e-06 	16861.5
0.769507 	909.429 	7.25941 	3.47071e-13 	0.003693 	13.5537 	8.86919e-27 	1 	295 	295 	3.2664e-06 	1.84143e+20 	0.75 	9.78449e-06 	16861.5
0.773147 	909.429 	7.25941 	4.67811e-13 	0.003693 	13.5537 	4.81285e-26 	1 	295 	295 	1.77251e-05 	1.84143e+20 	0.75 	9.78449e-06 	16861.5
0.77679 	909.429 	7.25941 	9.1199e-13 	0.003693 	13.5537 	2.50668e-25 	1 	295 	295 	9.23176e-05 	1.84143e+20 	0.75 	9.78449e-06 	16861.5
0.780434 	909.429 	7.25941 	9.94653e-13 	0.003693 	13.5537 	1.29164e-24 	1 	295 	295 	0.000475694 	1.84143e+20 	0.75 	9.78449e-06 	16861.5
0.78408 	909.429 	7.25941 	5.39765e-13 	0.003693 	13.5537 	6.54711e-24 	1 	295 	295 	0.00241121 	1.84143e+20 	0.75 	9.78449e-06 	16861.5
0.787727 	909.429 	7.25941 	3.09729e-13 	0.003693 	13.5537 	3.24819e-23 	1 	295 	295 	0.0119626 	1.84143e+20 	0.75 	9.78449e-06 	16861.5
0.791376 	909.429 	7.25941 	6.67286e-13 	0.003693 	13.5537 	1.71e-22 	1 	295 	295 	0.0629768 	1.84143e+20 	0.75 	9.78449e-06 	16861.5
0.795026 	909.429 	7.25941 	1.21531e-12 	0.003693 	13.5537 	8.70521e-22 	1 	295 	295 	0.320601 	1.84143e+20 	0.75 	9.78449e-06 	16861.5
0.798678 	909.429 	7.25941 	1.23208e-12 	0.003693 	13.5537 	4.91716e-21 	1 	295 	295 	1.81092 	1.84143e+20 	0.75 	9.78449e-06 	16861.5
0.80233 	909.429 	7.25941 	5.3082e-13 	0.003693 	13.5537 	2.57829e-20 	1 	295 	295 	9.49548 	1.84143e+20 	0.75 	9.78449e-06 	16861.5
0.805986 	909.429 	7.25941 	3.57779e-13 	0.003693 	13.5537 	1.31179e-19 	1 	295 	295 	48.3113 	1.84143e+20 	0.75 	9.78449e-06 	16861.5
0.809641 	909.429 	7.25941 	5.7973e-13 	0.003693 	13.5537 	6.96674e-19 	1 	295 	295 	256.576 	1.84143e+20 	0.75 	9.78449e-06 	16861.5
0.813299 	909.429 	7.25941 	3.29855e-13 	0.003693 	13.5537 	3.83164e-18 	1 	295 	295 	1411.14 	1.84143e+20 	0.75 	9.78449e-06 	16861.5
0.816957 	909.429 	7.25941 	1.08036e-13 	0.003693 	13.5537 	1.90365e-17 	1 	295 	295 	7010.87 	1.84143e+20 	0.75 	9.78449e-06 	16861.5
0.820618 	909.429 	7.25941 	2.40904e-13 	0.003693 	13.5537 	9.2129e-17 	1 	295 	295 	33929.8 	1.84143e+20 	0.75 	9.78449e-06 	16861.5
0.824279 	909.429 	7.25941 	7.67374e-13 	0.003693 	13.5537 	4.45105e-16 	1 	295 	295 	163926 	1.84143e+20 	0.75 	9.78449e-06 	16861.5
0.827943 	909.429 	7.25941 	4.97206e-12 	0.003693 	13.5537 	2.23555e-15 	1 	295 	295 	823322 	1.84143e+20 	0.75 	9.78449e-06 	16861.5
0.831607 	909.429 	7.25941 	3.9825e-11 	0.003693 	13.5537 	1.55149e-14 	1 	295 	295 	5.71393e+06 	1.84143e+20 	0.75 	9.78449e-06 	16861.5
0.835274 	909.429 	7.25941 	3.27963e-10 	0.003693 	13.5537 	1.18845e-13 	1 	295 	295 	4.37689e+07 	1.84143e+20 	0.75 	9.78449e-06 	16861.5
0.83894 	909.429 	7.25941 	2.74325e-09 	0.003693 	13.5537 	9.51701e-13 	1 	295 	295 	3.50498e+08 	1.84143e+20 	0.75 	9.78449e-06 	16861.5
0.84261 	909.429 	7.25941 	2.31309e-08 	0.003693 	13.5537 	7.49783e-12 	1 	295 	295 	2.76134e+09 	1.84143e+20 	0.75 	9.78449e-06 	16861.5
0.84628 	909.429 	7.25941 	1.97028e-07 	0.003693 	13.5537 	5.96484e-11 	1 	295 	295 	2.19676e+10 	1.84143e+20 	0.75 	9.78449e-06 	16861.2
0.849953 	909.429 	7.25941 	1.69249e-06 	0.003693 	13.5537 	4.68933e-10 	1 	295 	295 	1.72701e+11 	1.84143e+20 	0.75 	9.78449e-06 	16858.9
0.853626 	909.429 	7.25947 	1.47019e-05 	0.003693 	13.5537 	3.68987e-09 	1 	295 	295 	1.35893e+12 	1.84143e+20 	0.750001 	9.78449e-06 	16841.3
0.857301 	909.429 	7.26001 	0.000128855 	0.003693 	13.5536 	2.88497e-08 	1 	295.003 	295.004 	1.06249e+13 	1.84143e+20 	0.750009 	9.78449e-06 	16705.9
0.860977 	909.429 	7.26476 	0.00113691 	0.00369299 	13.553 	2.24292e-07 	1 	295.027 	295.038 	8.26038e+13 	1.84143e+20 	0.750071 	9.78452e-06 	15759.5
0.864656 	909.43 	7.3068 	0.00973352 	0.00369292 	13.5482 	1.73094e-06 	0.999998 	295.227 	295.339 	6.37504e+14 	1.84147e+20 	0.750594 	9.78471e-06 	11679.9
0.868334 	909.434 	7.67542 	0.0661448 	0.00369236 	13.5099 	1.32297e-05 	0.999987 	296.811 	297.907 	4.87373e+15 	1.84173e+20 	0.75475 	9.78623e-06 	5161.38
0.872016 	909.467 	10.5448 	0.329317 	0.00368778 	13.2161 	9.76581e-05 	0.999903 	309.668 	315.115 	3.60486e+16 	1.84389e+20 	0.788536 	9.79855e-06 	1059.2
0.875698 	909.668 	25.161 	1.14938 	0.00365744 	11.7363 	0.000613929 	0.999386 	397.017 	378.597 	2.29537e+17 	1.85852e+20 	1.0215 	9.88142e-06 	116.771
0.879382 	910.436 	64.2668 	1.87052 	0.00352378 	8.40359 	0.00258444 	0.997416 	818.398 	516.923 	1.0172e+18 	1.92764e+20 	2.21945 	1.02696e-05 	5.35658
0.883067 	912.117 	121.083 	1.61361 	0.00316988 	4.82281 	0.0068976 	0.993102 	2066.32 	737.041 	3.07623e+18 	2.14619e+20 	6.43051 	1.14856e-05 	0.101358
0.886755 	914.493 	172.363 	0.910914 	0.00257494 	2.58483 	0.0129919 	0.987008 	4392.24 	1037.03 	7.25217e+18 	2.66136e+20 	17.3262 	1.43339e-05 	0.00364541
0.890442 	917.14 	209.191 	0.474204 	0.00185243 	1.41185 	0.0197832 	0.980217 	7191.6 	1417.25 	1.57469e+19 	3.76411e+20 	40.4716 	2.04191e-05 	0.000438673
0.894132 	920.038 	238.884 	0.27174 	0.00120709 	0.802459 	0.0272206 	0.97278 	9225.34 	1879.87 	3.35408e+19 	5.79792e+20 	79.3948 	3.16985e-05 	0.000156342
0.897823 	923.453 	266.999 	0.126866 	0.0008214 	0.515997 	0.0359827 	0.964017 	9917.73 	2406.93 	6.23287e+19 	8.19004e+20 	120.741 	4.5174e-05 	8.53828e-05
0.901517 	927.238 	291.803 	0.0667546 	0.000665734 	0.408952 	0.0456923 	0.954308 	9807.92 	2953.77 	9.51314e+19 	9.86493e+20 	146.321 	5.49449e-05 	6.02105e-05
0.90521 	931.404 	310.239 	0.0488542 	0.000604377 	0.370126 	0.0563815 	0.943619 	9473.95 	3483.95 	1.28745e+20 	1.07336e+21 	157.113 	6.04536e-05 	4.85612e-05
0.908906 	936.231 	321.976 	0.037418 	0.000569736 	0.351329 	0.068766 	0.931234 	9066.88 	3983.65 	1.66602e+20 	1.12503e+21 	161.564 	6.42053e-05 	4.07671e-05
0.912602 	941.494 	328.59 	0.0288677 	0.000542327 	0.338786 	0.0822694 	0.917731 	8626.53 	4443.4 	2.09626e+20 	1.16657e+21 	163.777 	6.75554e-05 	3.48997e-05
0.916301 	946.929 	331.848 	0.0219079 	0.000516993 	0.3272 	0.0962146 	0.903785 	8189.19 	4852.15 	2.57483e+20 	1.20692e+21 	165.437 	7.09709e-05 	3.04017e-05
0.920001 	952.399 	333.02 	0.0160621 	0.000493166 	0.315946 	0.110246 	0.889754 	7775.43 	5198.99 	3.09593e+20 	1.24717e+21 	166.992 	7.44942e-05 	2.69405e-05
0.923704 	957.774 	332.852 	0.0124345 	0.000471431 	0.305351 	0.124039 	0.875961 	7397.78 	5474.66 	3.64652e+20 	1.28578e+21 	168.456 	7.80085e-05 	2.42965e-05
0.927406 	962.953 	331.695 	0.0106999 	0.000452348 	0.295676 	0.137327 	0.862673 	7064.51 	5672.96 	4.20964e+20 	1.32078e+21 	169.788 	8.13642e-05 	2.22833e-05
0.931111 	967.867 	329.726 	0.00920898 	0.000436119 	0.287059 	0.149935 	0.850065 	6778.22 	5795.04 	4.76897e+20 	1.35077e+21 	170.964 	8.44435e-05 	2.07418e-05
0.934816 	972.488 	327.185 	0.00793776 	0.000422494 	0.279517 	0.161791 	0.838209 	6533.64 	5856.84 	5.3136e+20 	1.37556e+21 	171.958 	8.72078e-05 	1.95486e-05
0.938524 	976.827 	324.338 	0.00682474 	0.000410945 	0.272914 	0.172924 	0.827076 	6322.72 	5879.9 	5.84018e+20 	1.39596e+21 	172.794 	8.96907e-05 	1.86069e-05
0.942233 	980.486 	321.495 	0.00579875 	0.000401028 	0.267047 	0.182312 	0.817688 	6143.8 	5867.17 	6.30999e+20 	1.41462e+21 	173.484 	9.19301e-05 	1.7923e-05
0.945944 	983.721 	318.536 	0.00496832 	0.000392603 	0.261671 	0.190613 	0.809387 	5992.78 	5824.57 	6.73966e+20 	1.43052e+21 	174.096 	9.39166e-05 	1.74032e-05
0.949655 	986.934 	315.352 	0.00432926 	0.000385533 	0.256819 	0.198857 	0.801143 	5862.06 	5766.16 	7.16044e+20 	1.44208e+21 	174.645 	9.56489e-05 	1.6942e-05
0.953369 	989.874 	312.197 	0.00380233 	0.000379477 	0.252464 	0.206398 	0.793602 	5748.14 	5697.38 	7.5508e+20 	1.45141e+21 	175.093 	9.71816e-05 	1.65627e-05
0.957084 	992.567 	309.125 	0.00337516 	0.000374159 	0.248407 	0.213308 	0.786692 	5647.91 	5623.85 	7.91451e+20 	1.45927e+21 	175.492 	9.85657e-05 	1.62427e-05
0.960801 	995.04 	306.174 	0.00303066 	0.000369421 	0.2446 	0.219654 	0.780346 	5558.62 	5549.53 	8.25431e+20 	1.46607e+21 	175.849 	9.98296e-05 	1.59705e-05
0.964518 	997.318 	303.363 	0.00274851 	0.000365142 	0.240991 	0.225498 	0.774502 	5478.22 	5476.86 	8.57294e+20 	1.47211e+21 	176.174 	0.000100997 	1.57371e-05
0.968238 	999.426 	300.699 	0.00251362 	0.000361231 	0.237541 	0.230899 	0.769101 	5405.13 	5407.24 	8.87287e+20 	1.47761e+21 	176.474 	0.000102086 	1.55355e-05
0.971958 	1001.38 	298.179 	0.00231735 	0.000357624 	0.234224 	0.235907 	0.764093 	5338.16 	5341.35 	9.15617e+20 	1.48272e+21 	176.754 	0.00010311 	1.536e-05
0.975681 	1003.19 	295.799 	0.0021598 	0.000354273 	0.23102 	0.240566 	0.759434 	5276.41 	5279.42 	9.42463e+20 	1.48753e+21 	177.016 	0.000104079 	1.52062e-05
0.979404 	1004.88 	293.55 	0.0020259 	0.000351141 	0.227914 	0.244913 	0.755087 	5219.15 	5221.4 	9.67976e+20 	1.4921e+21 	177.263 	0.000105 	1.50707e-05
0.983131 	1006.47 	291.423 	0.00189947 	0.000348201 	0.224893 	0.248982 	0.751018 	5165.81 	5167.1 	9.92284e+20 	1.49648e+21 	177.498 	0.000105878 	1.49507e-05
0.986857 	1007.96 	289.409 	0.00178234 	0.000345432 	0.221948 	0.252801 	0.747199 	5115.96 	5116.27 	1.01549e+21 	1.50069e+21 	177.722 	0.000106719 	1.48439e-05
0.990586 	1009.36 	287.498 	0.00167497 	0.000342815 	0.219073 	0.256394 	0.743606 	5069.18 	5068.61 	1.0377e+21 	1.50475e+21 	177.935 	0.000107524 	1.47483e-05
0.994315 	1010.68 	285.682 	0.00157712 	0.000340336 	0.216262 	0.259785 	0.740215 	5025.17 	5023.83 	1.05899e+21 	1.50867e+21 	178.14 	0.000108298 	1.46625e-05
0.998047 	1011.93 	283.952 	0.00148819 	0.000337981 	0.213508 	0.262993 	0.737007 	4983.65 	4981.67 	1.07944e+21 	1.51246e+21 	178.337 	0.000109043 	1.45851e-05
1.00178 	1013.11 	282.302 	0.00140735 	0.00033574 	0.210808 	0.266032 	0.733968 	4944.38 	4941.89 	1.0991e+21 	1.51615e+21 	178.526 	0.000109762 	1.4515e-05
1.00551 	1014.24 	280.727 	0.0013338 	0.000333604 	0.208158 	0.268919 	0.731081 	4907.18 	4904.27 	1.11805e+21 	1.51972e+21 	178.708 	0.000110454 	1.44513e-05
1.00925 	1015.31 	279.217 	0.00126676 	0.000331562 	0.205551 	0.271669 	0.728331 	4871.8 	4868.58 	1.13633e+21 	1.5232e+21 	178.884 	0.000111125 	1.43934e-05
1.01299 	1016.33 	277.768 	0.00120553 	0.000329607 	0.202987 	0.274291 	0.725709 	4838.13 	4834.66 	1.154e+21 	1.52658e+21 	179.053 	0.000111774 	1.43404e-05
1.01673 	1017.31 	276.377 	0.00114944 	0.000327735 	0.200464 	0.276794 	0.723206 	4806.03 	4802.38 	1.17108e+21 	1.52987e+21 	179.217 	0.000112402 	1.42918e-05
1.02047 	1018.24 	275.04 	0.00109795 	0.00032594 	0.197979 	0.279189 	0.720811 	4775.39 	4771.6 	1.18761e+21 	1.53307e+21 	179.376 	0.000113012 	1.42473e-05
1.02421 	1019.14 	273.752 	0.00105053 	0.000324215 	0.195531 	0.281482 	0.718518 	4746.09 	4742.21 	1.20363e+21 	1.53619e+21 	179.53 	0.000113603 	1.42064e-05
1.02795 	1020 	272.51 	0.00100676 	0.000322554 	0.193117 	0.283683 	0.716317 	4718.01 	4714.06 	1.21918e+21 	1.53923e+21 	179.679 	0.000114178 	1.41687e-05
1.0317 	1020.82 	271.31 	0.000966269 	0.000320953 	0.190732 	0.2858 	0.7142 	4691.04 	4687.05 	1.2343e+21 	1.54221e+21 	179.824 	0.000114738 	1.41339e-05
1.03545 	1021.62 	270.15 	0.000928727 	0.000319409 	0.188378 	0.287836 	0.712164 	4665.13 	4661.12 	1.24899e+21 	1.54512e+21 	179.964 	0.000115283 	1.41016e-05
1.03919 	1022.37 	269.029 	0.000893828 	0.000317921 	0.186055 	0.289794 	0.710206 	4640.23 	4636.23 	1.26327e+21 	1.54795e+21 	180.101 	0.000115813 	1.40718e-05
1.04294 	1023.11 	267.942 	0.000861419 	0.000316481 	0.183759 	0.291683 	0.708317 	4616.24 	4612.25 	1.27719e+21 	1.55074e+21 	180.234 	0.00011633 	1.40442e-05
1.04669 	1023.83 	266.888 	0.000831365 	0.000315088 	0.181489 	0.293508 	0.706492 	4593.09 	4589.13 	1.29076e+21 	1.55346e+21 	180.363 	0.000116835 	1.40185e-05
1.05044 	1024.51 	265.865 	0.000803331 	0.000313738 	0.179244 	0.295273 	0.704727 	4570.73 	4566.8 	1.304e+21 	1.55612e+21 	180.489 	0.000117329 	1.39946e-05
1.0542 	1025.18 	264.87 	0.000777034 	0.000312428 	0.177021 	0.296981 	0.703019 	4549.11 	4545.22 	1.31694e+21 	1.55874e+21 	180.612 	0.000117812 	1.39725e-05
1.05795 	1025.82 	263.904 	0.000752343 	0.000311159 	0.174824 	0.298633 	0.701367 	4528.21 	4524.37 	1.32957e+21 	1.56129e+21 	180.732 	0.000118283 	1.39519e-05
1.06171 	1026.45 	262.963 	0.000729115 	0.000309925 	0.172648 	0.300235 	0.699765 	4507.95 	4504.16 	1.34192e+21 	1.56381e+21 	180.848 	0.000118744 	1.39326e-05
1.06547 	1027.05 	262.047 	0.000707245 	0.000308726 	0.170493 	0.30179 	0.69821 	4488.31 	4484.57 	1.354e+21 	1.56627e+21 	180.962 	0.000119197 	1.39147e-05
1.06923 	1027.64 	261.154 	0.000686635 	0.000307561 	0.16836 	0.303299 	0.696701 	4469.26 	4465.58 	1.36583e+21 	1.56869e+21 	181.073 	0.00011964 	1.38981e-05
1.07299 	1028.21 	260.283 	0.000667206 	0.000306427 	0.166248 	0.304765 	0.695235 	4450.76 	4447.14 	1.37741e+21 	1.57107e+21 	181.181 	0.000120073 	1.38825e-05
1.07675 	1028.76 	259.433 	0.000648913 	0.000305322 	0.164155 	0.306191 	0.693809 	4432.77 	4429.21 	1.38876e+21 	1.57341e+21 	181.287 	0.000120499 	1.3868e-05
1.08052 	1029.31 	258.603 	0.000631738 	0.000304244 	0.16208 	0.30758 	0.69242 	4415.26 	4411.76 	1.3999e+21 	1.57571e+21 	181.39 	0.000120918 	1.38545e-05
1.08428 	1029.84 	257.792 	0.000615685 	0.000303193 	0.160026 	0.308931 	0.691069 	4398.22 	4394.78 	1.41082e+21 	1.57797e+21 	181.491 	0.000121328 	1.3842e-05
1.08805 	1030.35 	256.998 	0.000600612 	0.000302166 	0.157988 	0.310248 	0.689752 	4381.6 	4378.21 	1.42155e+21 	1.58021e+21 	181.589 	0.000121732 	1.38303e-05
1.09182 	1030.85 	256.22 	0.000585903 	0.000301162 	0.155968 	0.311533 	0.688467 	4365.37 	4362.02 	1.4321e+21 	1.58241e+21 	181.685 	0.000122129 	1.38195e-05
1.09559 	1031.34 	255.459 	0.000569634 	0.000300182 	0.153968 	0.312787 	0.687213 	4349.55 	4346.23 	1.44246e+21 	1.58458e+21 	181.779 	0.00012252 	1.38095e-05
1.09936 	1031.91 	254.577 	0.000551339 	0.000299054 	0.15161 	0.314243 	0.685757 	4331.33 	4328.12 	1.45454e+21 	1.58707e+21 	181.888 	0.000122973 	1.37982e-05
1.10691 	1032.74 	253.279 	0.000529854 	0.000297398 	0.148067 	0.316379 	0.683621 	4304.65 	4301.62 	1.47242e+21 	1.59074e+21 	182.048 	0.000123643 	1.37828e-05
1.11446 	1033.62 	251.89 	0.00050905 	0.00029563 	0.144206 	0.318644 	0.681356 	4276.25 	4273.33 	1.49163e+21 	1.59475e+21 	182.218 	0.000124367 	1.37681e-05
1.12202 	1034.46 	250.549 	0.000488988 	0.000293929 	0.140404 	0.320817 	0.679183 	4248.96 	4246.14 	1.51031e+21 	1.59867e+21 	182.38 	0.000125071 	1.37558e-05
1.12959 	1035.28 	249.253 	0.000470294 	0.000292291 	0.136658 	0.322906 	0.677094 	4222.73 	4220.01 	1.52847e+21 	1.60248e+21 	182.536 	0.000125756 	1.37454e-05
1.13716 	1036.06 	247.999 	0.000453052 	0.000290713 	0.13297 	0.324917 	0.675083 	4197.48 	4194.86 	1.54615e+21 	1.6062e+21 	182.685 	0.000126423 	1.37368e-05
1.14474 	1036.82 	246.784 	0.000437181 	0.00028919 	0.129335 	0.326858 	0.673142 	4173.13 	4170.62 	1.56339e+21 	1.60983e+21 	182.827 	0.000127074 	1.37298e-05
1.15232 	1037.55 	245.603 	0.000422579 	0.000287719 	0.125752 	0.328734 	0.671266 	4149.61 	4147.2 	1.58022e+21 	1.61336e+21 	182.963 	0.000127709 	1.37242e-05
1.15992 	1038.26 	244.454 	0.000409121 	0.000286295 	0.122217 	0.330552 	0.669448 	4126.83 	4124.51 	1.59668e+21 	1.61682e+21 	183.094 	0.00012833 	1.372e-05
1.16751 	1038.95 	243.337 	0.000396719 	0.000284916 	0.118734 	0.332315 	0.667685 	4104.77 	4102.55 	1.61278e+21 	1.62018e+21 	183.219 	0.000128937 	1.3717e-05
1.17512 	1039.62 	242.246 	0.000385264 	0.000283578 	0.115296 	0.33403 	0.66597 	4083.35 	4081.22 	1.62858e+21 	1.62347e+21 	183.338 	0.000129531 	1.37151e-05
1.18272 	1040.27 	241.18 	0.000374688 	0.00028228 	0.111907 	0.3357 	0.6643 	4062.54 	4060.49 	1.64407e+21 	1.62667e+21 	183.452 	0.000130112 	1.37142e-05
1.19034 	1040.9 	240.137 	0.000364908 	0.000281018 	0.10856 	0.337332 	0.662668 	4042.27 	4040.31 	1.6593e+21 	1.62979e+21 	183.561 	0.000130682 	1.37142e-05
1.19796 	1041.53 	239.114 	0.000355871 	0.000279789 	0.105256 	0.338929 	0.661071 	4022.51 	4020.62 	1.6743e+21 	1.63283e+21 	183.666 	0.000131242 	1.3715e-05
1.20559 	1042.14 	238.111 	0.000347515 	0.000278593 	0.101995 	0.340494 	0.659506 	4003.22 	4001.41 	1.68907e+21 	1.63578e+21 	183.765 	0.000131792 	1.37166e-05
1.21322 	1042.73 	237.124 	0.000339791 	0.000277426 	0.0987754 	0.34203 	0.65797 	3984.37 	3982.63 	1.70365e+21 	1.63866e+21 	183.86 	0.000132333 	1.37188e-05
1.22086 	1043.32 	236.152 	0.000332653 	0.000276287 	0.0955947 	0.343541 	0.656459 	3965.92 	3964.25 	1.71806e+21 	1.64147e+21 	183.951 	0.000132865 	1.37217e-05
1.22851 	1043.9 	235.195 	0.000326058 	0.000275174 	0.0924515 	0.345029 	0.654971 	3947.84 	3946.23 	1.7323e+21 	1.64421e+21 	184.038 	0.000133388 	1.37253e-05
1.23616 	1044.47 	234.252 	0.000319971 	0.000274085 	0.0893471 	0.346494 	0.653506 	3930.1 	3928.56 	1.74639e+21 	1.64688e+21 	184.121 	0.000133904 	1.37295e-05
1.24382 	1045.04 	233.321 	0.000314354 	0.000273018 	0.086279 	0.347937 	0.652063 	3912.68 	3911.21 	1.76034e+21 	1.64949e+21 	184.199 	0.000134414 	1.37343e-05
1.25148 	1045.59 	232.402 	0.00030918 	0.000271972 	0.0832478 	0.349357 	0.650643 	3895.56 	3894.14 	1.77415e+21 	1.65207e+21 	184.274 	0.000134918 	1.37398e-05
1.25915 	1046.14 	231.496 	0.000304424 	0.000270943 	0.0802506 	0.350755 	0.649245 	3878.7 	3877.34 	1.78783e+21 	1.65461e+21 	184.346 	0.000135417 	1.37461e-05
1.26683 	1046.67 	230.601 	0.000300069 	0.000269931 	0.0772866 	0.352128 	0.647872 	3862.08 	3860.78 	1.80138e+21 	1.65714e+21 	184.414 	0.000135911 	1.37532e-05
1.27451 	1047.2 	229.719 	0.000296102 	0.000268932 	0.074357 	0.353475 	0.646525 	3845.69 	3844.45 	1.8148e+21 	1.65968e+21 	184.478 	0.000136402 	1.37612e-05
1.2822 	1047.71 	228.85 	0.000292518 	0.000267946 	0.0714596 	0.354793 	0.645207 	3829.51 	3828.32 	1.82809e+21 	1.66223e+21 	184.54 	0.000136891 	1.37702e-05
1.28989 	1048.21 	227.993 	0.000289324 	0.000266971 	0.0685948 	0.356081 	0.643919 	3813.52 	3812.37 	1.84126e+21 	1.66481e+21 	184.598 	0.000137378 	1.37802e-05
1.29759 	1048.7 	227.148 	0.000286545 	0.000266004 	0.0657597 	0.357336 	0.642664 	3797.68 	3796.58 	1.85429e+21 	1.66745e+21 	184.654 	0.000137865 	1.37915e-05
1.3053 	1049.17 	226.316 	0.000284249 	0.000265043 	0.062953 	0.358555 	0.641445 	3781.97 	3780.92 	1.8672e+21 	1.67017e+21 	184.706 	0.000138352 	1.38041e-05
1.31301 	1049.63 	225.497 	0.000282568 	0.000264085 	0.0601753 	0.359736 	0.640264 	3766.38 	3765.37 	1.87998e+21 	1.673e+21 	184.756 	0.000138842 	1.38181e-05
1.32073 	1050.08 	224.693 	0.000281749 	0.000263126 	0.0574232 	0.360871 	0.639129 	3750.85 	3749.89 	1.89262e+21 	1.67598e+21 	184.802 	0.000139336 	1.38339e-05
1.32846 	1050.5 	223.903 	0.000282205 	0.000262161 	0.0546952 	0.361953 	0.638047 	3735.33 	3734.42 	1.90512e+21 	1.67916e+21 	184.846 	0.000139837 	1.38519e-05
1.33619 	1050.9 	223.131 	0.00028459 	0.000261182 	0.0519912 	0.362969 	0.637031 	3719.73 	3718.89 	1.91748e+21 	1.68264e+21 	184.888 	0.00014035 	1.38727e-05
1.34393 	1051.26 	222.378 	0.000289871 	0.000260176 	0.0493083 	0.363898 	0.636102 	3703.94 	3703.17 	1.92968e+21 	1.68656e+21 	184.928 	0.000140883 	1.38972e-05
1.35167 	1051.58 	221.647 	0.000299415 	0.000259127 	0.0466458 	0.364714 	0.635286 	3687.76 	3687.07 	1.94172e+21 	1.69111e+21 	184.965 	0.000141445 	1.39268e-05
1.35942 	1051.84 	220.94 	0.000315083 	0.000258006 	0.044 	0.365382 	0.634618 	3670.9 	3670.32 	1.95363e+21 	1.69658e+21 	185 	0.000142052 	1.39636e-05
1.36718 	1052.02 	220.26 	0.000339607 	0.000256779 	0.0413695 	0.365855 	0.634145 	3652.97 	3652.5 	1.96543e+21 	1.70335e+21 	185.033 	0.000142725 	1.40103e-05
1.37494 	1052.11 	219.607 	0.000383175 	0.000255399 	0.0387532 	0.366076 	0.633924 	3633.4 	3633.06 	1.97721e+21 	1.71194e+21 	185.063 	0.000143494 	1.40706e-05
1.38271 	1052.08 	218.971 	0.000451566 	0.000253801 	0.0361459 	0.365999 	0.634001 	3611.4 	3611.23 	1.98926e+21 	1.72295e+21 	185.092 	0.000144399 	1.41489e-05
1.39049 	1051.91 	218.341 	0.000545522 	0.0002519 	0.0335485 	0.365552 	0.634448 	3585.94 	3585.97 	2.0019e+21 	1.73724e+21 	185.119 	0.000145495 	1.42519e-05
1.39827 	1051.55 	217.703 	0.000672002 	0.000249587 	0.0309593 	0.364632 	0.635368 	3555.64 	3555.86 	2.01552e+21 	1.75604e+21 	185.145 	0.000146855 	1.43884e-05
1.40606 	1050.98 	217.018 	0.000838673 	0.000246722 	0.028372 	0.363167 	0.636833 	3518.67 	3519.07 	2.03098e+21 	1.78076e+21 	185.17 	0.000148579 	1.45698e-05
1.41385 	1050.17 	216.22 	0.00105436 	0.000243135 	0.0257893 	0.361105 	0.638895 	3472.69 	3473.28 	2.0496e+21 	1.81323e+21 	185.196 	0.000150799 	1.48104e-05
1.42165 	1049.12 	215.216 	0.00132825 	0.000238616 	0.023213 	0.358398 	0.641602 	3414.73 	3415.51 	2.07323e+21 	1.85588e+21 	185.223 	0.000153693 	1.51304e-05
1.42946 	1047.8 	213.879 	0.00166649 	0.000232923 	0.020652 	0.355017 	0.644983 	3341.28 	3342.26 	2.10449e+21 	1.9119e+21 	185.253 	0.0001575 	1.55571e-05
1.43727 	1046.22 	212.045 	0.00206712 	0.000225806 	0.0181281 	0.35096 	0.64904 	3248.52 	3249.73 	2.14683e+21 	1.98543e+21 	185.287 	0.000162532 	1.61277e-05
1.44509 	1044.38 	209.533 	0.00247892 	0.000217033 	0.0157405 	0.346249 	0.653751 	3133.08 	3134.47 	2.20467e+21 	2.08184e+21 	185.343 	0.000169192 	1.689e-05
1.45292 	1042.51 	206.558 	0.00295729 	0.000207662 	0.0134918 	0.341447 	0.658553 	3007.36 	3008.99 	2.27282e+21 	2.19222e+21 	185.329 	0.000176868 	1.7798e-05
1.45683 	1041.2 	204.017 	0.00349257 	0.000200444 	0.0117337 	0.338077 	0.661923 	2909.16 	2911.07 	2.33181e+21 	2.28299e+21 	185.308 	0.000183258 	1.85641e-05
1.46075 	1040.04 	201.182 	0.00398676 	0.000193093 	0.010307 	0.335093 	0.664907 	2808.9 	2810.99 	2.39993e+21 	2.38137e+21 	185.355 	0.000190295 	1.94003e-05
1.46467 	1038.96 	198.189 	0.00440336 	0.000185854 	0.00913692 	0.332342 	0.667658 	2708.48 	2710.71 	2.47315e+21 	2.48445e+21 	185.338 	0.000197718 	2.03093e-05
1.46663 	1038.21 	195.817 	0.00483941 	0.000180411 	0.00815837 	0.330409 	0.669591 	2632.29 	2634.54 	2.53304e+21 	2.5668e+21 	185.313 	0.000203684 	2.10522e-05
1.46859 	1037.58 	193.584 	0.0052356 	0.000175468 	0.00736344 	0.328799 	0.671201 	2563.34 	2565.54 	2.59204e+21 	2.64581e+21 	185.335 	0.00020945 	2.17675e-05
1.47055 	1036.94 	191.129 	0.00556053 	0.000170202 	0.0066978 	0.327167 	0.672833 	2489.41 	2491.6 	2.65935e+21 	2.7347e+21 	185.35 	0.000215962 	2.25881e-05
1.47251 	1036.3 	188.456 	0.00588312 	0.000164625 	0.00607471 	0.325515 	0.674485 	2410.78 	2412.97 	2.73597e+21 	2.83472e+21 	185.365 	0.000223312 	2.35293e-05
1.47447 	1035.65 	185.559 	0.00621441 	0.000158729 	0.00548235 	0.323846 	0.676154 	2327.35 	2329.6 	2.82347e+21 	2.94776e+21 	185.38 	0.000231643 	2.46149e-05
1.47643 	1034.99 	182.429 	0.00655315 	0.000152507 	0.00492795 	0.322162 	0.677838 	2238.91 	2241.3 	2.92387e+21 	3.07621e+21 	185.394 	0.000241136 	2.58777e-05
1.47839 	1034.33 	179.056 	0.00683484 	0.000145954 	0.00448663 	0.320466 	0.679534 	2145.45 	2147.94 	3.03964e+21 	3.22301e+21 	185.413 	0.000252011 	2.73561e-05
1.48035 	1033.74 	175.855 	0.00711417 	0.000139897 	0.00404672 	0.318951 	0.681049 	2058.29 	2060.76 	3.156e+21 	3.36965e+21 	185.383 	0.000262895 	2.88863e-05
1.48134 	1033.33 	173.508 	0.00747442 	0.000135535 	0.00357259 	0.317903 	0.682097 	1995.22 	1997.75 	3.24661e+21 	3.48307e+21 	185.35 	0.000271329 	3.00998e-05
1.48232 	1033 	171.476 	0.00781184 	0.000131774 	0.00318807 	0.317049 	0.682951 	1941.16 	1943.92 	3.33056e+21 	3.58726e+21 	185.364 	0.000279095 	3.12219e-05
1.4833 	1032.67 	169.351 	0.00807743 	0.00012789 	0.00289803 	0.316197 	0.683803 	1885.19 	1888.29 	3.42273e+21 	3.70109e+21 	185.376 	0.000287592 	3.24723e-05
1.48428 	1032.34 	167.118 	0.00834611 	0.000123868 	0.0026384 	0.315344 	0.684656 	1827.1 	1830.6 	3.52462e+21 	3.82636e+21 	185.386 	0.000296955 	3.38769e-05
1.48527 	1032 	164.766 	0.00863044 	0.0001197 	0.00239297 	0.31449 	0.68551 	1766.79 	1770.75 	3.63776e+21 	3.96484e+21 	185.396 	0.000307319 	3.54641e-05
1.48625 	1031.68 	162.294 	0.00893863 	0.000115401 	0.00215498 	0.313642 	0.686358 	1704.45 	1709 	3.76345e+21 	4.11802e+21 	185.406 	0.000318798 	3.72619e-05
1.48723 	1031.35 	159.679 	0.00927554 	0.000110957 	0.00192416 	0.312801 	0.687199 	1639.89 	1645.21 	3.9041e+21 	4.28868e+21 	185.419 	0.000331603 	3.93166e-05
1.48821 	1031.02 	156.879 	0.0096419 	0.000106331 	0.0017067 	0.311962 	0.688038 	1572.59 	1578.96 	4.06353e+21 	4.48129e+21 	185.436 	0.000346073 	4.17014e-05
1.4892 	1030.69 	153.854 	0.0100446 	0.000101507 	0.00150562 	0.311128 	0.688872 	1502.3 	1510.1 	4.24581e+21 	4.70057e+21 	185.456 	0.000362567 	4.45038e-05
1.49018 	1030.37 	150.565 	0.0104988 	9.64917e-05 	0.00131681 	0.310306 	0.689694 	1429.08 	1438.88 	4.45538e+21 	4.95159e+21 	185.478 	0.000381473 	4.7827e-05
1.49116 	1030.06 	146.933 	0.0110159 	9.12577e-05 	0.00114559 	0.309496 	0.690504 	1352.57 	1365.18 	4.69956e+21 	5.24279e+21 	185.509 	0.000403433 	5.18377e-05
1.49214 	1029.75 	142.833 	0.0116012 	8.5749e-05 	0.0010106 	0.308698 	0.691302 	1271.93 	1288.53 	4.98991e+21 	5.58758e+21 	185.551 	0.000429467 	5.68058e-05
1.49313 	1029.44 	138.111 	0.0122399 	7.99311e-05 	0.000954836 	0.307914 	0.692086 	1186.72 	1208.79 	5.34135e+21 	6.00317e+21 	185.621 	0.000460887 	6.31081e-05
1.49411 	1029.15 	132.578 	0.0127432 	7.38173e-05 	0.00126142 	0.307154 	0.692846 	1097.13 	1126.15 	5.77197e+21 	6.51038e+21 	185.719 	0.000499278 	7.12825e-05
1.49509 	1028.89 	126.907 	0.013324 	6.82964e-05 	0.00142012 	0.306513 	0.693487 	1014.93 	1051.29 	6.2223e+21 	7.03932e+21 	185.599 	0.000539348 	8.06143e-05
1.49558 	1028.72 	122.207 	0.0142803 	6.41558e-05 	0.000918103 	0.306072 	0.693928 	952.913 	996.066 	6.61145e+21 	7.49495e+21 	185.452 	0.000573896 	8.92224e-05
1.49607 	1028.59 	117.883 	0.0152644 	6.05435e-05 	0.000466337 	0.30573 	0.69427 	899.756 	950.402 	6.99955e+21 	7.94772e+21 	185.51 	0.000608265 	9.80882e-05
1.49656 	1028.46 	112.965 	0.0161422 	5.67065e-05 	0.000356505 	0.305397 	0.694603 	843.253 	903.052 	7.46724e+21 	8.49207e+21 	185.581 	0.000649615 	0.000109409
1.49706 	1028.33 	107.3 	0.0171259 	5.26369e-05 	0.000378009 	0.305077 	0.694923 	783.219 	853.539 	8.03912e+21 	9.15626e+21 	185.652 	0.000700101 	0.000124269
1.49755 	1028.22 	100.723 	0.0183454 	4.83385e-05 	0.000452164 	0.304776 	0.695224 	719.773 	801.559 	8.74995e+21 	9.98006e+21 	185.746 	0.000762759 	0.000144323
1.49804 	1028.11 	92.8667 	0.0198979 	4.3753e-05 	0.000641179 	0.304498 	0.695502 	652.168 	745.624 	9.66662e+21 	1.10401e+22 	185.904 	0.00084344 	0.000172874
1.49853 	1028.01 	83.001 	0.0219668 	3.87862e-05 	0.00116391 	0.304246 	0.695754 	579.034 	682.493 	1.09121e+22 	1.24775e+22 	186.166 	0.000952903 	0.000216858
1.49902 	1027.93 	69.6652 	0.0246239 	3.33234e-05 	0.00285546 	0.304031 	0.695969 	498.74 	605.469 	1.27301e+22 	1.45711e+22 	186.622 	0.00111245 	0.000292893
1.49951 	1027.87 	49.6955 	0.0360511 	2.72959e-05 	0.00477089 	0.303873 	0.696127 	407.511 	494.017 	1.56266e+22 	1.78998e+22 	186.007 	0.00136627 	0.00046143
