0 	909.429 	7.25941 	1.74997e-13 	0.00368944 	13.5537 	1 	295 	1.84143e+20 	0.75 	9.78449e-06
0.041502 	909.429 	7.25941 	9.10674e-14 	0.00368944 	13.5537 	1 	295 	1.84143e+20 	0.75 	9.78449e-06
0.0815173 	909.429 	7.25941 	4.82523e-14 	0.00368944 	13.5537 	1 	295 	1.84143e+20 	0.75 	9.78449e-06
0.120099 	909.429 	7.25941 	3.00275e-14 	0.00368944 	13.5537 	1 	295 	1.84143e+20 	0.75 	9.78449e-06
0.157299 	909.429 	7.25941 	2.32045e-14 	0.00368944 	13.5537 	1 	295 	1.84143e+20 	0.75 	9.78449e-06
0.193166 	909.429 	7.25941 	3.49589e-14 	0.00368944 	13.5537 	1 	295 	1.84143e+20 	0.75 	9.78449e-06
0.227748 	909.429 	7.25941 	3.72853e-14 	0.00368944 	13.5537 	1 	295 	1.84143e+20 	0.75 	9.78449e-06
0.261091 	909.429 	7.25941 	4.67817e-14 	0.00368944 	13.5537 	1 	295 	1.84143e+20 	0.75 	9.78449e-06
0.29324 	909.429 	7.25941 	3.493e-14 	0.00368944 	13.5537 	1 	295 	1.84143e+20 	0.75 	9.78449e-06
0.324237 	909.429 	7.25941 	4.34301e-14 	0.00368944 	13.5537 	1 	295 	1.84143e+20 	0.75 	9.78449e-06
0.354123 	909.429 	7.25941 	5.78463e-14 	0.00368944 	13.5537 	1 	295 	1.84143e+20 	0.75 	9.78449e-06
0.382939 	909.429 	7.25941 	2.78376e-14 	0.00368944 	13.5537 	1 	295 	1.84143e+20 	0.75 	9.78449e-06
0.410723 	909.429 	7.25941 	4.10118e-14 	0.00368944 	13.5537 	1 	295 	1.84143e+20 	0.75 	9.78449e-06
0.437511 	909.429 	7.25941 	6.5788e-14 	0.00368944 	13.5537 	1 	295 	1.84143e+20 	0.75 	9.78449e-06
0.46334 	909.429 	7.25941 	7.44603e-14 	0.00368944 	13.5537 	1 	295 	1.84143e+20 	0.75 	9.78449e-06
0.488243 	909.429 	7.25941 	8.6796e-14 	0.00368944 	13.5537 	1 	295 	1.84143e+20 	0.75 	9.78449e-06
0.512254 	909.429 	7.25941 	5.52037e-14 	0.00368944 	13.5537 	1 	295 	1.84143e+20 	0.75 	9.78449e-06
0.535405 	909.429 	7.25941 	4.02529e-14 	0.00368944 	13.5537 	1 	295 	1.84143e+20 	0.75 	9.78449e-06
0.557727 	909.429 	7.25941 	8.90051e-14 	0.00368944 	13.5537 	1 	295 	1.84143e+20 	0.75 	9.78449e-06
0.568488 	909.429 	7.25941 	9.44024e-14 	0.00368944 	13.5537 	1 	295 	1.84143e+20 	0.75 	9.78449e-06
0.579249 	909.429 	7.25941 	7.53429e-14 	0.00368944 	13.5537 	1 	295 	1.84143e+20 	0.75 	9.78449e-06
0.589624 	909.429 	7.25941 	6.60337e-14 	0.00368944 	13.5537 	1 	295 	1.84143e+20 	0.75 	9.78449e-06
0.6 	909.429 	7.25941 	5.59171e-14 	0.00368944 	13.5537 	1 	295 	1.84143e+20 	0.75 	9.78449e-06
0.603574 	909.429 	7.25941 	4.26372e-14 	0.00368944 	13.5537 	1 	295 	1.84143e+20 	0.75 	9.78449e-06
0.607148 	909.429 	7.25941 	4.4227e-14 	0.00368944 	13.5537 	1 	295 	1.84143e+20 	0.75 	9.78449e-06
0.610725 	909.429 	7.25941 	7.58299e-14 	0.00368944 	13.5537 	1 	295 	1.84143e+20 	0.75 	9.78449e-06
0.614302 	909.429 	7.25941 	7.6094e-14 	0.00368944 	13.5537 	1 	295 	1.84143e+20 	0.75 	9.78449e-06
0.617882 	909.429 	7.25941 	1.49175e-13 	0.00368944 	13.5537 	1 	295 	1.84143e+20 	0.75 	9.78449e-06
0.621462 	909.429 	7.25941 	8.33407e-13 	0.00368944 	13.5537 	1 	295 	1.84143e+20 	0.75 	9.78449e-06
0.625045 	909.429 	7.25941 	4.37254e-12 	0.00368944 	13.5537 	1 	295 	1.84143e+20 	0.75 	9.78449e-06
0.628627 	909.429 	7.25941 	2.38269e-11 	0.00368944 	13.5537 	1 	295 	1.84143e+20 	0.75 	9.78449e-06
0.632213 	909.429 	7.25941 	1.31169e-10 	0.00368944 	13.5537 	1 	295 	1.84143e+20 	0.75 	9.78449e-06
0.635798 	909.429 	7.25941 	7.27508e-10 	0.00368944 	13.5537 	1 	295 	1.84143e+20 	0.75 	9.78449e-06
0.639386 	909.429 	7.25941 	4.00476e-09 	0.00368944 	13.5537 	1 	295 	1.84143e+20 	0.75 	9.78449e-06
0.642975 	909.429 	7.25941 	2.22174e-08 	0.00368944 	13.5537 	1 	295 	1.84143e+20 	0.75 	9.78449e-06
0.646567 	909.429 	7.25941 	1.2239e-07 	0.00368944 	13.5537 	1 	295 	1.84143e+20 	0.75 	9.78449e-06
0.650158 	909.429 	7.25941 	6.7941e-07 	0.00368944 	13.5537 	1 	295 	1.84143e+20 	0.75 	9.78449e-06
0.653752 	909.429 	7.25943 	3.74516e-06 	0.00368944 	13.5537 	1 	295 	1.84143e+20 	0.75 	9.78449e-06
0.657346 	909.429 	7.25956 	2.08142e-05 	0.00368944 	13.5537 	1 	295.001 	1.84143e+20 	0.750003 	9.78449e-06
0.660944 	909.429 	7.26027 	0.000114827 	0.00368944 	13.5535 	1 	295.006 	1.84143e+20 	0.750016 	9.7845e-06
0.664541 	909.429 	7.26416 	0.000638213 	0.00368944 	13.5529 	1 	295.034 	1.84143e+20 	0.750087 	9.7845e-06
0.668141 	909.429 	7.28586 	0.00351233 	0.00368941 	13.5492 	1 	295.19 	1.84145e+20 	0.750487 	9.78456e-06
0.67174 	909.429 	7.40622 	0.0192298 	0.00368931 	13.5292 	1 	296.046 	1.84149e+20 	0.752686 	9.78484e-06
0.675343 	909.429 	8.09875 	0.0983509 	0.00368867 	13.4213 	1 	300.757 	1.84181e+20 	0.764799 	9.78654e-06
0.678946 	909.429 	12.4693 	0.399833 	0.00368503 	12.9127 	1 	325.199 	1.84363e+20 	0.82781 	9.7962e-06
0.682552 	909.429 	40.8756 	0.971779 	0.0036671 	11.3006 	1 	432.738 	1.85268e+20 	1.10781 	9.84426e-06
0.686158 	909.429 	120.471 	1.39433 	0.00360091 	8.5641 	1 	768.417 	1.88709e+20 	2.01128 	1.00271e-05
0.689766 	909.429 	215.917 	1.32635 	0.00342052 	5.80424 	1 	1533.64 	1.98904e+20 	4.26518 	1.05688e-05
0.693375 	909.429 	295.273 	0.966272 	0.00305476 	3.76469 	1 	2851.14 	2.23746e+20 	8.99934 	1.18888e-05
0.696986 	909.429 	352.302 	0.715752 	0.00247252 	2.36804 	1 	4630.37 	2.80247e+20 	18.4449 	1.4891e-05
0.700598 	909.429 	381.714 	0.539213 	0.0016249 	1.36345 	1 	6520.15 	4.62254e+20 	43.41 	2.45619e-05
0.704213 	909.429 	397.985 	0.264214 	0.00086662 	0.702786 	1 	7739.53 	8.58974e+20 	92.8658 	4.56419e-05
0.707827 	909.429 	403.953 	0.0780169 	0.000547388 	0.41254 	1 	8102.72 	1.25787e+21 	140.829 	6.6837e-05
0.711444 	909.429 	405.169 	0.0215486 	0.000471792 	0.33847 	1 	8172.39 	1.44102e+21 	162.601 	7.6569e-05
0.715061 	909.429 	405.489 	0.00504858 	0.000456469 	0.319731 	1 	8190.54 	1.48841e+21 	168.314 	7.90868e-05
0.718681 	909.429 	405.581 	0.00132603 	0.000452885 	0.313993 	1 	8195.74 	1.50013e+21 	169.747 	7.97099e-05
0.722302 	909.429 	405.619 	0.000605888 	0.00045187 	0.311191 	1 	8197.91 	1.5035e+21 	170.172 	7.98887e-05
0.725925 	909.429 	405.645 	0.000502185 	0.000451423 	0.309069 	1 	8199.38 	1.50499e+21 	170.371 	7.99678e-05
0.729548 	909.429 	405.669 	0.000478282 	0.000451104 	0.307107 	1 	8200.72 	1.50605e+21 	170.52 	8.00244e-05
0.733174 	909.429 	405.692 	0.000473341 	0.000450813 	0.305176 	1 	8202.04 	1.50702e+21 	170.657 	8.00761e-05
0.7368 	909.429 	405.715 	0.000471679 	0.000450529 	0.303251 	1 	8203.35 	1.50797e+21 	170.792 	8.01266e-05
0.740429 	909.429 	405.738 	0.000470142 	0.000450248 	0.301329 	1 	8204.66 	1.50891e+21 	170.926 	8.01766e-05
0.744058 	909.429 	405.761 	0.0004684 	0.000449969 	0.299413 	1 	8205.97 	1.50985e+21 	171.059 	8.02262e-05
0.74769 	909.429 	405.785 	0.000466541 	0.000449693 	0.297502 	1 	8207.28 	1.51078e+21 	171.192 	8.02755e-05
0.751321 	909.429 	405.807 	0.000464646 	0.00044942 	0.295599 	1 	8208.57 	1.51169e+21 	171.323 	8.03243e-05
0.754956 	909.429 	405.83 	0.000462768 	0.00044915 	0.2937 	1 	8209.86 	1.5126e+21 	171.453 	8.03726e-05
0.758591 	909.429 	405.853 	0.000460937 	0.000448882 	0.291807 	1 	8211.15 	1.5135e+21 	171.582 	8.04205e-05
0.762228 	909.429 	405.876 	0.000459169 	0.000448618 	0.28992 	1 	8212.44 	1.51439e+21 	171.71 	8.04678e-05
0.765866 	909.429 	405.899 	0.000457471 	0.000448358 	0.288039 	1 	8213.73 	1.51527e+21 	171.837 	8.05146e-05
0.769507 	909.429 	405.922 	0.00045584 	0.000448101 	0.286162 	1 	8215.03 	1.51614e+21 	171.962 	8.05608e-05
0.773147 	909.429 	405.945 	0.000454265 	0.000447847 	0.28429 	1 	8216.32 	1.517e+21 	172.087 	8.06064e-05
0.77679 	909.429 	405.968 	0.000452734 	0.000447597 	0.282423 	1 	8217.62 	1.51785e+21 	172.21 	8.06514e-05
0.780434 	909.429 	405.991 	0.000451228 	0.000447351 	0.28056 	1 	8218.93 	1.51868e+21 	172.333 	8.06958e-05
0.78408 	909.429 	406.014 	0.000449726 	0.000447108 	0.278701 	1 	8220.25 	1.51951e+21 	172.454 	8.07396e-05
0.787727 	909.429 	406.038 	0.000448209 	0.000446869 	0.276847 	1 	8221.57 	1.52032e+21 	172.573 	8.07828e-05
0.791376 	909.429 	406.062 	0.000446659 	0.000446634 	0.274998 	1 	8222.89 	1.52112e+21 	172.692 	8.08254e-05
0.795026 	909.429 	406.085 	0.000445063 	0.000446402 	0.273153 	1 	8224.23 	1.52191e+21 	172.81 	8.08673e-05
0.798678 	909.429 	406.109 	0.000443411 	0.000446173 	0.271314 	1 	8225.56 	1.52269e+21 	172.927 	8.09087e-05
0.80233 	909.429 	406.133 	0.000441701 	0.000445948 	0.269479 	1 	8226.9 	1.52346e+21 	173.042 	8.09496e-05
0.805986 	909.429 	406.156 	0.000439933 	0.000445726 	0.267651 	1 	8228.24 	1.52422e+21 	173.156 	8.09899e-05
0.809641 	909.429 	406.18 	0.000438115 	0.000445507 	0.265828 	1 	8229.57 	1.52497e+21 	173.269 	8.10297e-05
0.813299 	909.429 	406.204 	0.000436258 	0.000445291 	0.264012 	1 	8230.9 	1.52571e+21 	173.382 	8.10691e-05
0.816957 	909.429 	406.227 	0.000434374 	0.000445077 	0.262202 	1 	8232.22 	1.52644e+21 	173.493 	8.1108e-05
0.820618 	909.429 	406.25 	0.000432481 	0.000444866 	0.260399 	1 	8233.53 	1.52717e+21 	173.603 	8.11465e-05
0.824279 	909.429 	406.273 	0.000430592 	0.000444657 	0.258602 	1 	8234.82 	1.52788e+21 	173.712 	8.11847e-05
0.827943 	909.429 	406.296 	0.000428723 	0.00044445 	0.256812 	1 	8236.09 	1.52859e+21 	173.819 	8.12225e-05
0.831607 	909.429 	406.318 	0.000426886 	0.000444245 	0.255028 	1 	8237.35 	1.5293e+21 	173.926 	8.12599e-05
0.835274 	909.429 	406.34 	0.00042509 	0.000444042 	0.253251 	1 	8238.59 	1.53e+21 	174.032 	8.12971e-05
0.83894 	909.429 	406.362 	0.000423341 	0.000443841 	0.251481 	1 	8239.81 	1.53069e+21 	174.137 	8.1334e-05
0.84261 	909.429 	406.383 	0.000421639 	0.000443641 	0.249716 	1 	8241.01 	1.53138e+21 	174.24 	8.13706e-05
0.84628 	909.429 	406.404 	0.000419983 	0.000443443 	0.247957 	1 	8242.18 	1.53207e+21 	174.343 	8.1407e-05
0.849953 	909.429 	406.425 	0.000418368 	0.000443246 	0.246204 	1 	8243.33 	1.53275e+21 	174.444 	8.1443e-05
0.853626 	909.429 	406.445 	0.000416784 	0.000443051 	0.244457 	1 	8244.46 	1.53342e+21 	174.545 	8.14788e-05
0.857301 	909.429 	406.464 	0.000415221 	0.000442858 	0.242715 	1 	8245.56 	1.53409e+21 	174.644 	8.15144e-05
0.860977 	909.429 	406.483 	0.000413668 	0.000442667 	0.240978 	1 	8246.64 	1.53476e+21 	174.743 	8.15496e-05
0.864656 	909.429 	406.502 	0.000412112 	0.000442477 	0.239247 	1 	8247.71 	1.53541e+21 	174.84 	8.15846e-05
0.868334 	909.429 	406.521 	0.000410543 	0.000442289 	0.237522 	1 	8248.75 	1.53606e+21 	174.937 	8.16193e-05
0.872016 	909.429 	406.54 	0.000408951 	0.000442103 	0.235802 	1 	8249.78 	1.53671e+21 	175.032 	8.16537e-05
0.875698 	909.429 	406.558 	0.000407326 	0.000441918 	0.234087 	1 	8250.79 	1.53736e+21 	175.127 	8.16878e-05
0.879382 	909.429 	406.575 	0.000405662 	0.000441736 	0.232379 	1 	8251.78 	1.53799e+21 	175.22 	8.17216e-05
0.883067 	909.429 	406.592 	0.000403956 	0.000441555 	0.230676 	1 	8252.76 	1.53862e+21 	175.313 	8.1755e-05
0.886755 	909.429 	406.61 	0.000402206 	0.000441376 	0.22898 	1 	8253.73 	1.53925e+21 	175.404 	8.17882e-05
0.890442 	909.429 	406.627 	0.000400412 	0.000441199 	0.22729 	1 	8254.68 	1.53986e+21 	175.495 	8.1821e-05
0.894132 	909.429 	406.643 	0.000398575 	0.000441024 	0.225606 	1 	8255.62 	1.54047e+21 	175.584 	8.18534e-05
0.897823 	909.429 	406.66 	0.000396699 	0.000440851 	0.223929 	1 	8256.55 	1.54108e+21 	175.673 	8.18854e-05
0.901517 	909.429 	406.677 	0.000394789 	0.000440681 	0.222259 	1 	8257.47 	1.54167e+21 	175.761 	8.19172e-05
0.90521 	909.429 	406.693 	0.00039285 	0.000440512 	0.220596 	1 	8258.38 	1.54226e+21 	175.848 	8.19486e-05
0.908906 	909.429 	406.709 	0.000390888 	0.000440345 	0.21894 	1 	8259.28 	1.54285e+21 	175.933 	8.19796e-05
0.912602 	909.429 	406.725 	0.000388911 	0.00044018 	0.217291 	1 	8260.17 	1.54342e+21 	176.018 	8.20103e-05
0.916301 	909.429 	406.74 	0.000386923 	0.000440017 	0.21565 	1 	8261.05 	1.54399e+21 	176.102 	8.20407e-05
0.920001 	909.429 	406.756 	0.000384931 	0.000439856 	0.214016 	1 	8261.92 	1.54456e+21 	176.185 	8.20707e-05
0.923704 	909.429 	406.771 	0.00038294 	0.000439697 	0.212389 	1 	8262.78 	1.54512e+21 	176.268 	8.21004e-05
0.927406 	909.429 	406.786 	0.000380958 	0.00043954 	0.210769 	1 	8263.63 	1.54567e+21 	176.349 	8.21298e-05
0.931111 	909.429 	406.801 	0.000378989 	0.000439385 	0.209157 	1 	8264.47 	1.54622e+21 	176.429 	8.21588e-05
0.934816 	909.429 	406.816 	0.000377037 	0.000439231 	0.207553 	1 	8265.3 	1.54676e+21 	176.508 	8.21876e-05
0.938524 	909.429 	406.831 	0.000375107 	0.000439078 	0.205955 	1 	8266.11 	1.5473e+21 	176.587 	8.22162e-05
0.942233 	909.429 	406.845 	0.000373202 	0.000438927 	0.204365 	1 	8266.91 	1.54783e+21 	176.665 	8.22444e-05
0.945944 	909.429 	406.859 	0.000371325 	0.000438778 	0.202782 	1 	8267.7 	1.54836e+21 	176.742 	8.22724e-05
0.949655 	909.429 	406.873 	0.000369479 	0.00043863 	0.201206 	1 	8268.47 	1.54888e+21 	176.818 	8.23002e-05
0.953369 	909.429 	406.886 	0.000367667 	0.000438483 	0.199636 	1 	8269.22 	1.5494e+21 	176.893 	8.23278e-05
0.957084 	909.429 	406.899 	0.00036589 	0.000438337 	0.198074 	1 	8269.97 	1.54991e+21 	176.968 	8.23552e-05
0.960801 	909.429 	406.912 	0.000364153 	0.000438192 	0.196518 	1 	8270.69 	1.55042e+21 	177.042 	8.23824e-05
0.964518 	909.429 	406.925 	0.00036246 	0.000438049 	0.194968 	1 	8271.4 	1.55093e+21 	177.115 	8.24094e-05
0.968238 	909.429 	406.938 	0.000360814 	0.000437906 	0.193424 	1 	8272.1 	1.55144e+21 	177.188 	8.24363e-05
0.971958 	909.429 	406.95 	0.000359222 	0.000437764 	0.191887 	1 	8272.77 	1.55194e+21 	177.26 	8.2463e-05
0.975681 	909.429 	406.962 	0.00035769 	0.000437623 	0.190356 	1 	8273.44 	1.55244e+21 	177.331 	8.24895e-05
0.979404 	909.429 	406.973 	0.000356221 	0.000437483 	0.188829 	1 	8274.09 	1.55294e+21 	177.402 	8.25159e-05
0.983131 	909.429 	406.985 	0.000354822 	0.000437344 	0.187308 	1 	8274.72 	1.55343e+21 	177.472 	8.25421e-05
0.986857 	909.429 	406.995 	0.000353496 	0.000437206 	0.185792 	1 	8275.34 	1.55392e+21 	177.541 	8.25682e-05
0.990586 	909.429 	407.006 	0.000352244 	0.000437069 	0.184281 	1 	8275.94 	1.55441e+21 	177.61 	8.2594e-05
0.994315 	909.429 	407.017 	0.000351067 	0.000436934 	0.182774 	1 	8276.53 	1.55489e+21 	177.678 	8.26197e-05
0.998047 	909.429 	407.027 	0.000349962 	0.000436799 	0.181271 	1 	8277.11 	1.55537e+21 	177.745 	8.26452e-05
1.00178 	909.429 	407.038 	0.000348927 	0.000436665 	0.179772 	1 	8277.67 	1.55585e+21 	177.811 	8.26705e-05
1.00551 	909.429 	407.047 	0.000347959 	0.000436533 	0.178276 	1 	8278.22 	1.55632e+21 	177.877 	8.26955e-05
1.00925 	909.429 	407.057 	0.000347051 	0.000436402 	0.176783 	1 	8278.77 	1.55679e+21 	177.942 	8.27204e-05
1.01299 	909.429 	407.066 	0.000346198 	0.000436272 	0.175292 	1 	8279.3 	1.55725e+21 	178.007 	8.2745e-05
1.01673 	909.429 	407.076 	0.000345397 	0.000436144 	0.173804 	1 	8279.82 	1.55771e+21 	178.07 	8.27693e-05
1.02047 	909.429 	407.085 	0.000344643 	0.000436017 	0.172319 	1 	8280.34 	1.55816e+21 	178.133 	8.27934e-05
1.02421 	909.429 	407.094 	0.000343932 	0.000435892 	0.170837 	1 	8280.85 	1.55861e+21 	178.195 	8.28172e-05
1.02795 	909.429 	407.103 	0.000343258 	0.000435768 	0.169358 	1 	8281.35 	1.55905e+21 	178.256 	8.28408e-05
1.0317 	909.429 	407.112 	0.000342619 	0.000435645 	0.167877 	1 	8281.85 	1.55949e+21 	178.317 	8.2864e-05
1.03545 	909.429 	407.121 	0.000342012 	0.000435524 	0.1664 	1 	8282.34 	1.55992e+21 	178.378 	8.2887e-05
1.03919 	909.429 	407.129 	0.000341432 	0.000435405 	0.164926 	1 	8282.83 	1.56035e+21 	178.437 	8.29097e-05
1.04294 	909.429 	407.138 	0.000340876 	0.000435288 	0.163453 	1 	8283.32 	1.56077e+21 	178.496 	8.29321e-05
1.04669 	909.429 	407.147 	0.000340342 	0.000435172 	0.161981 	1 	8283.8 	1.56119e+21 	178.554 	8.29542e-05
1.05044 	909.429 	407.156 	0.000339824 	0.000435057 	0.16051 	1 	8284.29 	1.5616e+21 	178.611 	8.2976e-05
1.0542 	909.429 	407.165 	0.000339321 	0.000434944 	0.15904 	1 	8284.78 	1.56201e+21 	178.668 	8.29976e-05
1.05795 	909.429 	407.173 	0.000338831 	0.000434833 	0.157572 	1 	8285.27 	1.56241e+21 	178.725 	8.30188e-05
1.06171 	909.429 	407.182 	0.000338349 	0.000434724 	0.156103 	1 	8285.76 	1.5628e+21 	178.78 	8.30398e-05
1.06547 	909.429 	407.191 	0.000337875 	0.000434615 	0.154636 	1 	8286.26 	1.56319e+21 	178.835 	8.30604e-05
1.06923 	909.429 	407.2 	0.000337407 	0.000434509 	0.153171 	1 	8286.76 	1.56357e+21 	178.89 	8.30808e-05
1.07299 	909.429 	407.209 	0.000336944 	0.000434404 	0.151708 	1 	8287.26 	1.56395e+21 	178.944 	8.31009e-05
1.07675 	909.429 	407.218 	0.000336486 	0.0004343 	0.150246 	1 	8287.76 	1.56432e+21 	178.997 	8.31207e-05
1.08052 	909.429 	407.227 	0.000336031 	0.000434199 	0.148783 	1 	8288.26 	1.56469e+21 	179.05 	8.31401e-05
1.08428 	909.429 	407.236 	0.000335579 	0.000434099 	0.147323 	1 	8288.77 	1.56505e+21 	179.103 	8.31593e-05
1.08805 	909.429 	407.245 	0.000335127 	0.000434 	0.145863 	1 	8289.29 	1.5654e+21 	179.154 	8.31782e-05
1.09182 	909.429 	407.254 	0.000334655 	0.000433903 	0.144404 	1 	8289.81 	1.56575e+21 	179.205 	8.31968e-05
1.09559 	909.429 	407.264 	0.000334152 	0.000433807 	0.142946 	1 	8290.33 	1.5661e+21 	179.256 	8.32151e-05
1.09936 	909.429 	407.275 	0.000333625 	0.000433696 	0.141213 	1 	8290.96 	1.5665e+21 	179.316 	8.32364e-05
1.10691 	909.429 	407.292 	0.000332919 	0.000433532 	0.13858 	1 	8291.92 	1.56709e+21 	179.405 	8.32679e-05
1.11446 	909.429 	407.312 	0.000332073 	0.000433356 	0.135675 	1 	8293 	1.56773e+21 	179.501 	8.33018e-05
1.12202 	909.429 	407.331 	0.000331163 	0.000433187 	0.132774 	1 	8294.08 	1.56834e+21 	179.595 	8.33344e-05
1.12959 	909.429 	407.351 	0.000330239 	0.000433023 	0.129876 	1 	8295.18 	1.56894e+21 	179.686 	8.33659e-05
1.13716 	909.429 	407.371 	0.000329287 	0.000432865 	0.126984 	1 	8296.28 	1.56951e+21 	179.776 	8.33962e-05
1.14474 	909.429 	407.391 	0.000328307 	0.000432714 	0.124098 	1 	8297.39 	1.57006e+21 	179.862 	8.34254e-05
1.15232 	909.429 	407.41 	0.000327306 	0.000432569 	0.121218 	1 	8298.49 	1.57059e+21 	179.947 	8.34535e-05
1.15992 	909.429 	407.43 	0.000326293 	0.000432428 	0.118341 	1 	8299.59 	1.5711e+21 	180.029 	8.34806e-05
1.16751 	909.429 	407.449 	0.000325285 	0.000432292 	0.115472 	1 	8300.67 	1.57159e+21 	180.109 	8.35068e-05
1.17512 	909.429 	407.468 	0.000324296 	0.000432161 	0.112608 	1 	8301.72 	1.57206e+21 	180.187 	8.35322e-05
1.18272 	909.429 	407.486 	0.00032334 	0.000432032 	0.109753 	1 	8302.72 	1.57253e+21 	180.262 	8.35571e-05
1.19034 	909.429 	407.503 	0.00032242 	0.000431904 	0.106901 	1 	8303.64 	1.573e+21 	180.336 	8.35819e-05
1.19796 	909.429 	407.517 	0.000321525 	0.000431773 	0.104055 	1 	8304.4 	1.57348e+21 	180.407 	8.36073e-05
1.20559 	909.429 	407.526 	0.000320778 	0.000431635 	0.101216 	1 	8304.94 	1.57398e+21 	180.476 	8.3634e-05
1.21322 	909.429 	407.531 	0.000320174 	0.000431486 	0.0983814 	1 	8305.2 	1.57453e+21 	180.544 	8.36628e-05
1.22086 	909.429 	407.531 	0.000319399 	0.000431328 	0.0955499 	1 	8305.2 	1.5751e+21 	180.61 	8.36934e-05
1.22851 	909.429 	407.525 	0.000318565 	0.000431158 	0.0927245 	1 	8304.86 	1.57572e+21 	180.673 	8.37264e-05
1.23616 	909.429 	407.509 	0.000318069 	0.000430966 	0.0899059 	1 	8304.01 	1.57642e+21 	180.736 	8.37637e-05
1.24382 	909.429 	407.481 	0.000317907 	0.00043074 	0.0870897 	1 	8302.44 	1.57725e+21 	180.797 	8.38078e-05
1.25148 	909.429 	407.436 	0.000317991 	0.000430466 	0.0842759 	1 	8299.9 	1.57826e+21 	180.856 	8.38612e-05
1.25915 	909.429 	407.367 	0.000318364 	0.000430129 	0.081461 	1 	8296.07 	1.57949e+21 	180.914 	8.39268e-05
1.26683 	909.429 	407.269 	0.000319066 	0.000429711 	0.0786432 	1 	8290.59 	1.58103e+21 	180.971 	8.40084e-05
1.27451 	909.429 	407.134 	0.00032013 	0.000429189 	0.0758221 	1 	8283.04 	1.58295e+21 	181.026 	8.41106e-05
1.2822 	909.429 	406.952 	0.000321572 	0.000428535 	0.0729939 	1 	8272.86 	1.58536e+21 	181.079 	8.4239e-05
1.28989 	909.429 	406.712 	0.000323389 	0.000427717 	0.0701574 	1 	8259.42 	1.5884e+21 	181.131 	8.44002e-05
1.29759 	909.429 	406.401 	0.000327269 	0.000426695 	0.0673081 	1 	8241.96 	1.59221e+21 	181.181 	8.46025e-05
1.3053 	909.429 	406.003 	0.000369159 	0.000425423 	0.0644434 	1 	8219.58 	1.59697e+21 	181.229 	8.48554e-05
1.31301 	909.429 	405.503 	0.000454856 	0.00042385 	0.061563 	1 	8191.3 	1.60289e+21 	181.276 	8.51703e-05
1.32073 	909.429 	404.88 	0.000556881 	0.000421916 	0.0586627 	1 	8155.93 	1.61025e+21 	181.321 	8.55609e-05
1.32846 	909.429 	404.115 	0.000677159 	0.000419553 	0.0557409 	1 	8112.19 	1.61932e+21 	181.364 	8.60431e-05
1.33619 	909.429 	403.186 	0.000817551 	0.000416688 	0.0527981 	1 	8058.66 	1.63046e+21 	181.406 	8.66351e-05
1.34393 	909.429 	402.071 	0.000979956 	0.000413239 	0.0498323 	1 	7993.74 	1.64408e+21 	181.447 	8.73589e-05
1.35167 	909.429 	400.748 	0.00116605 	0.000409117 	0.0468448 	1 	7915.74 	1.66066e+21 	181.486 	8.82399e-05
1.35942 	909.429 	399.196 	0.00137743 	0.000404224 	0.0438348 	1 	7822.77 	1.68078e+21 	181.525 	8.93089e-05
1.36718 	909.429 	397.399 	0.00161553 	0.00039846 	0.040804 	1 	7712.88 	1.70513e+21 	181.564 	9.06025e-05
1.37494 	909.429 	395.345 	0.00188148 	0.000391722 	0.0377574 	1 	7584.08 	1.73451e+21 	181.604 	9.21633e-05
1.38271 	909.429 	393.029 	0.00217616 	0.000383895 	0.0346979 	1 	7434.16 	1.76993e+21 	181.644 	9.40457e-05
1.39049 	909.429 	390.456 	0.00250019 	0.000374865 	0.0316321 	1 	7260.95 	1.81264e+21 	181.685 	9.63155e-05
1.39827 	909.429 	387.641 	0.00285377 	0.000364525 	0.0285705 	1 	7062.35 	1.86418e+21 	181.728 	9.90536e-05
1.40606 	909.429 	384.611 	0.00323695 	0.000352756 	0.0255235 	1 	6836.09 	1.92654e+21 	181.775 	0.000102367
1.41385 	909.429 	381.392 	0.00364917 	0.000339453 	0.0225081 	1 	6580.13 	2.00228e+21 	181.826 	0.000106391
1.42165 	909.429 	378 	0.00408908 	0.000324496 	0.0195453 	1 	6292.23 	2.0949e+21 	181.885 	0.000111313
1.42946 	909.429 	374.406 	0.00455166 	0.00030779 	0.016673 	1 	5970.46 	2.20911e+21 	181.952 	0.000117382
1.43727 	909.429 	370.476 	0.00502995 	0.000289277 	0.0139564 	1 	5613.54 	2.35122e+21 	182.023 	0.000124933
1.44509 	909.429 	365.882 	0.0054365 	0.000268909 	0.0116574 	1 	5221.14 	2.53043e+21 	182.123 	0.000134455
1.45292 	909.429 	360.707 	0.00584178 	0.000249124 	0.00942636 	1 	4835.73 	2.73014e+21 	182.07 	0.000145066
1.45683 	909.429 	356.399 	0.00628359 	0.000235335 	0.0074559 	1 	4566.06 	2.88888e+21 	181.994 	0.000153501
1.46075 	909.429 	351.691 	0.00664129 	0.000222634 	0.00603051 	1 	4321.11 	3.05421e+21 	182.056 	0.000162286
1.46467 	909.429 	346.586 	0.0069058 	0.000210904 	0.00499001 	1 	4092.82 	3.22311e+21 	182.026 	0.00017126
1.46663 	909.429 	342.431 	0.00718557 	0.000202576 	0.004058 	1 	3930.09 	3.35476e+21 	181.976 	0.000178255
1.46859 	909.429 	338.472 	0.0074324 	0.00019541 	0.00334151 	1 	3791.59 	3.47792e+21 	182.001 	0.0001848
1.47055 	909.429 	334.004 	0.0076403 	0.000188043 	0.00279936 	1 	3649.07 	3.61434e+21 	182.022 	0.000192049
1.47251 	909.429 	328.973 	0.00785803 	0.000180475 	0.00231723 	1 	3502.53 	3.76614e+21 	182.039 	0.000200114
1.47447 	909.429 	323.319 	0.00809011 	0.000172689 	0.0018781 	1 	3351.75 	3.93623e+21 	182.057 	0.000209152
1.47643 	909.429 	316.98 	0.00833877 	0.000164673 	0.00149745 	1 	3196.43 	4.12819e+21 	182.072 	0.000219352
1.47839 	909.429 	309.906 	0.00856487 	0.000156409 	0.00127066 	1 	3036.37 	4.34677e+21 	182.093 	0.000230967
1.48035 	909.429 	303.001 	0.00878944 	0.000148901 	0.000997348 	1 	2890.02 	4.56476e+21 	182.054 	0.00024255
1.48134 	909.429 	297.848 	0.00903769 	0.000143589 	0.000614243 	1 	2786.23 	4.73261e+21 	182.011 	0.000251468
1.48232 	909.429 	293.356 	0.00926353 	0.000139094 	0.000340938 	1 	2699.25 	4.88569e+21 	182.027 	0.000259602
1.4833 	909.429 	288.644 	0.00945999 	0.000134515 	0.000208695 	1 	2610.61 	5.05213e+21 	182.041 	0.000268446
1.48428 	909.429 	283.686 	0.00966779 	0.000129829 	0.000175324 	1 	2519.81 	5.23469e+21 	182.053 	0.000278146
1.48527 	909.429 	278.476 	0.00989493 	0.000125025 	0.000222579 	1 	2426.71 	5.43606e+21 	182.064 	0.000288846
1.48625 	909.429 	273.039 	0.0101467 	0.000120118 	0.000305338 	1 	2331.62 	5.65839e+21 	182.074 	0.00030066
1.48723 	909.429 	267.366 	0.0104272 	0.000115096 	0.000391401 	1 	2234.3 	5.90566e+21 	182.088 	0.000313799
1.48821 	909.429 	261.418 	0.0107368 	0.00010992 	0.000463751 	1 	2134.02 	6.18431e+21 	182.106 	0.000328605
1.4892 	909.429 	255.178 	0.0110819 	0.000104573 	0.000515884 	1 	2030.45 	6.50114e+21 	182.127 	0.000345439
1.49018 	909.429 	248.647 	0.0114785 	9.9065e-05 	0.000554017 	1 	1923.76 	6.86343e+21 	182.15 	0.00036469
1.49116 	909.429 	241.768 	0.0119432 	9.3369e-05 	0.000576226 	1 	1813.47 	7.28339e+21 	182.183 	0.000387005
1.49214 	909.429 	234.405 	0.0124839 	8.74221e-05 	0.000555713 	1 	1698.44 	7.78076e+21 	182.234 	0.000413433
1.49313 	909.429 	226.372 	0.0131065 	8.11869e-05 	0.000430824 	1 	1577.94 	8.3811e+21 	182.31 	0.000445332
1.49411 	909.429 	217.397 	0.0136495 	7.46583e-05 	0.000477815 	1 	1451.94 	9.11817e+21 	182.423 	0.000484496
1.49509 	909.429 	208.438 	0.0142463 	6.87795e-05 	0.000531953 	1 	1336.66 	9.89119e+21 	182.283 	0.00052557
1.49558 	909.429 	200.996 	0.0151058 	6.43984e-05 	0.000388626 	1 	1250.24 	1.05585e+22 	182.104 	0.000561026
1.49607 	909.429 	193.93 	0.0159809 	6.06064e-05 	0.000393285 	1 	1177.08 	1.12213e+22 	182.174 	0.000596247
1.49656 	909.429 	185.547 	0.0168362 	5.66055e-05 	0.000394176 	1 	1099.84 	1.2018e+22 	182.252 	0.00063858
1.49706 	909.429 	175.345 	0.0178856 	5.237e-05 	0.000248182 	1 	1017.96 	1.29953e+22 	182.327 	0.000690505
1.49755 	909.429 	162.682 	0.0192872 	4.7883e-05 	0.000134356 	1 	931.29 	1.42216e+22 	182.436 	0.000755668
1.49804 	909.429 	146.43 	0.0212286 	4.30587e-05 	0.000395341 	1 	838.352 	1.5832e+22 	182.634 	0.000841241
1.49853 	909.429 	124.765 	0.0240986 	3.77498e-05 	0.00151284 	1 	736.411 	1.80963e+22 	182.999 	0.000961555
1.49902 	909.429 	95.0602 	0.028485 	3.17528e-05 	0.00547034 	1 	621.424 	2.16158e+22 	183.609 	0.00114856
1.49951 	909.429 	54.8367 	0.0377365 	2.48412e-05 	0.0130801 	1 	484.16 	2.79732e+22 	182.613 	0.00148636
